nnz: 44
1.000000	1	0	4
1.000000	2	0	7
1.000000	3	0	15
1.000000	0	1	2
0.500000	2	1	4
0.500000	2	1	6
1.000000	-1	2	2
1.000000	-1	3	3
1.000000	3	4	1
1.000000	2	4	5
1.000000	1	5	3
0.500000	3	5	4
0.500000	3	5	6
1.000000	3	6	1
1.000000	2	6	5
0.333333	3	7	0
0.333333	1	7	5
0.666667	3	7	8
0.666667	1	7	13
1.000000	2	8	7
0.500000	3	8	9
1.000000	1	8	14
0.500000	3	8	15
1.000000	0	9	6
1.000000	2	9	8
1.000000	3	9	10
0.333333	0	10	1
0.333333	2	10	9
0.666667	0	10	11
0.666667	2	10	15
1.000000	0	11	2
0.500000	2	11	12
0.500000	2	11	14
1.000000	3	12	11
1.000000	2	12	13
1.000000	1	13	3
0.500000	3	13	12
0.500000	3	13	14
1.000000	3	14	11
1.000000	2	14	13
0.500000	2	15	0
0.500000	2	15	8
1.000000	3	15	10
1.000000	0	15	12
