nnz: 124
1.000000	1	0	8
1.000000	2	0	23
1.000000	3	0	35
1.000000	0	1	2
0.500000	2	1	8
0.500000	2	1	16
1.000000	3	1	17
1.000000	2	2	3
1.000000	3	2	5
0.500000	3	3	2
0.500000	3	3	4
1.000000	1	3	7
1.000000	2	4	3
1.000000	3	4	5
0.500000	2	5	2
0.500000	2	5	4
1.000000	0	5	6
1.000000	-1	6	6
1.000000	-1	7	7
0.500000	3	8	1
1.000000	2	8	9
1.000000	1	8	14
0.500000	3	8	22
0.333333	1	9	3
0.333333	3	9	8
0.333333	3	9	10
0.333333	1	9	13
0.333333	3	9	16
0.333333	1	9	20
1.000000	1	10	4
1.000000	2	10	9
0.500000	3	10	11
0.500000	3	10	22
0.500000	2	11	10
1.000000	0	11	12
0.500000	2	11	16
1.000000	3	11	17
1.000000	2	12	13
1.000000	3	12	15
1.000000	1	13	7
0.500000	3	13	12
0.500000	3	13	14
1.000000	2	14	13
1.000000	3	14	15
1.000000	0	15	6
0.500000	2	15	12
0.500000	2	15	14
0.500000	3	16	1
1.000000	2	16	9
0.500000	3	16	11
1.000000	1	16	21
0.333333	2	17	1
0.333333	0	17	5
0.333333	2	17	11
0.333333	0	17	15
0.333333	0	17	18
0.333333	2	17	22
1.000000	0	18	6
0.500000	2	18	19
0.500000	2	18	21
1.000000	3	19	18
1.000000	2	19	20
1.000000	1	20	7
0.500000	3	20	19
0.500000	3	20	21
1.000000	3	21	18
1.000000	2	21	20
0.500000	2	22	8
0.500000	2	22	10
1.000000	3	22	17
1.000000	0	22	19
0.250000	3	23	0
0.500000	1	23	9
0.750000	3	23	24
0.500000	1	23	31
0.333333	1	24	10
1.000000	2	24	23
0.666667	3	24	25
0.666667	1	24	32
0.333333	3	24	35
1.000000	0	25	16
1.000000	2	25	24
0.500000	3	25	26
1.000000	1	25	33
0.500000	3	25	34
1.000000	0	26	11
1.000000	2	26	25
1.000000	3	26	27
0.500000	0	27	17
0.250000	2	27	26
0.500000	0	27	28
0.750000	2	27	34
0.666667	0	28	5
0.333333	0	28	18
0.666667	2	28	29
0.333333	2	28	33
1.000000	0	29	2
1.000000	3	29	28
0.500000	2	29	30
0.500000	2	29	32
1.000000	1	30	19
1.000000	3	30	29
1.000000	2	30	31
0.666667	1	31	3
0.333333	1	31	20
0.333333	3	31	30
0.666667	3	31	32
1.000000	1	32	4
0.500000	3	32	29
1.000000	2	32	31
0.500000	3	32	33
1.000000	0	33	21
1.000000	3	33	28
1.000000	2	33	32
0.333333	0	34	1
0.333333	2	34	25
1.000000	3	34	27
0.666667	0	34	29
0.666667	2	34	35
0.500000	2	35	0
1.000000	1	35	22
0.500000	2	35	24
1.000000	0	35	30
1.000000	3	35	34
