n1: 1 n2: 4 nstates: 76
0 0 0 0 0 || 0 4 0 0 0 
1 0 0 0 0 || 0 0 0 0 0 
-----------
0 0 1 0 0 || 0 2 0 0 0 
1 0 0 0 0 || 0 0 0 0 0 
-----------
0 0 0 0 0 || 0 2 0 0 0 
0 0 1 0 0 || 0 0 0 0 0 
-----------
0 0 1 0 0 || 0 0 0 0 0 
0 0 1 0 0 || 0 0 0 0 0 
-----------
0 0 0 0 0 || 0 0 0 0 0 
0 0 0 0 1 || 0 0 0 0 0 
-----------
0 0 0 0 0 || 0 0 0 0 0 
0 0 0 0 0 || 0 0 0 0 1 
-----------
0 0 0 0 0 || 0 0 1 0 0 
0 0 1 0 0 || 0 0 0 0 0 
-----------
0 0 0 0 0 || 0 0 1 0 0 
0 0 0 0 0 || 0 0 1 0 0 
-----------
0 0 1 0 0 || 0 0 0 0 0 
0 0 0 0 0 || 0 0 1 0 0 
-----------
0 0 0 0 0 || 0 2 0 0 0 
0 0 0 0 0 || 0 0 1 0 0 
-----------
0 1 0 0 0 || 0 1 0 0 0 
0 0 0 0 0 || 0 0 1 0 0 
-----------
0 2 0 0 0 || 0 0 0 0 0 
0 0 0 0 0 || 0 0 1 0 0 
-----------
0 2 0 0 0 || 0 0 0 0 0 
0 0 1 0 0 || 0 0 0 0 0 
-----------
0 1 0 0 0 || 0 0 0 0 0 
0 0 0 1 0 || 0 0 0 0 0 
-----------
0 0 0 0 0 || 0 1 0 0 0 
0 0 0 1 0 || 0 0 0 0 0 
-----------
0 0 0 0 0 || 0 1 0 0 0 
0 0 0 0 0 || 0 0 0 1 0 
-----------
0 1 0 0 0 || 0 0 0 0 0 
0 0 0 0 0 || 0 0 0 1 0 
-----------
0 1 0 0 0 || 0 1 0 0 0 
0 0 1 0 0 || 0 0 0 0 0 
-----------
0 0 2 0 0 || 0 0 0 0 0 
1 0 0 0 0 || 0 0 0 0 0 
-----------
0 0 0 0 1 || 0 0 0 0 0 
1 0 0 0 0 || 0 0 0 0 0 
-----------
0 0 0 0 0 || 0 0 0 0 1 
1 0 0 0 0 || 0 0 0 0 0 
-----------
0 0 0 0 0 || 0 0 0 0 1 
0 0 0 0 0 || 1 0 0 0 0 
-----------
0 0 0 0 1 || 0 0 0 0 0 
0 0 0 0 0 || 1 0 0 0 0 
-----------
0 0 1 0 0 || 0 0 1 0 0 
1 0 0 0 0 || 0 0 0 0 0 
-----------
0 0 0 0 0 || 0 0 2 0 0 
1 0 0 0 0 || 0 0 0 0 0 
-----------
0 0 0 0 0 || 0 0 2 0 0 
0 0 0 0 0 || 1 0 0 0 0 
-----------
0 0 1 0 0 || 0 0 1 0 0 
0 0 0 0 0 || 1 0 0 0 0 
-----------
0 0 2 0 0 || 0 0 0 0 0 
0 0 0 0 0 || 1 0 0 0 0 
-----------
0 0 0 0 0 || 0 2 1 0 0 
1 0 0 0 0 || 0 0 0 0 0 
-----------
0 0 0 0 0 || 0 2 1 0 0 
0 0 0 0 0 || 1 0 0 0 0 
-----------
0 1 0 0 0 || 0 1 1 0 0 
0 0 0 0 0 || 1 0 0 0 0 
-----------
0 2 0 0 0 || 0 0 1 0 0 
0 0 0 0 0 || 1 0 0 0 0 
-----------
0 2 1 0 0 || 0 0 0 0 0 
0 0 0 0 0 || 1 0 0 0 0 
-----------
0 1 0 1 0 || 0 0 0 0 0 
0 0 0 0 0 || 1 0 0 0 0 
-----------
0 0 0 1 0 || 0 1 0 0 0 
0 0 0 0 0 || 1 0 0 0 0 
-----------
0 0 0 0 0 || 0 1 0 1 0 
0 0 0 0 0 || 1 0 0 0 0 
-----------
0 1 0 0 0 || 0 0 0 1 0 
0 0 0 0 0 || 1 0 0 0 0 
-----------
0 1 0 0 0 || 0 0 0 1 0 
1 0 0 0 0 || 0 0 0 0 0 
-----------
0 0 0 0 0 || 0 0 0 1 0 
0 1 0 0 0 || 0 0 0 0 0 
-----------
0 0 0 0 0 || 0 0 0 1 0 
0 0 0 0 0 || 0 1 0 0 0 
-----------
0 0 0 1 0 || 0 0 0 0 0 
0 0 0 0 0 || 0 1 0 0 0 
-----------
0 0 0 1 0 || 0 0 0 0 0 
0 1 0 0 0 || 0 0 0 0 0 
-----------
0 0 0 0 0 || 0 1 0 1 0 
1 0 0 0 0 || 0 0 0 0 0 
-----------
0 0 0 1 0 || 0 1 0 0 0 
1 0 0 0 0 || 0 0 0 0 0 
-----------
0 1 0 1 0 || 0 0 0 0 0 
1 0 0 0 0 || 0 0 0 0 0 
-----------
0 1 1 0 0 || 0 1 0 0 0 
0 0 0 0 0 || 1 0 0 0 0 
-----------
0 1 1 0 0 || 0 0 0 0 0 
0 1 0 0 0 || 0 0 0 0 0 
-----------
0 0 1 0 0 || 0 1 0 0 0 
0 1 0 0 0 || 0 0 0 0 0 
-----------
0 0 0 0 0 || 0 1 1 0 0 
0 1 0 0 0 || 0 0 0 0 0 
-----------
0 0 0 0 0 || 0 1 1 0 0 
0 0 0 0 0 || 0 1 0 0 0 
-----------
0 1 0 0 0 || 0 0 1 0 0 
0 0 0 0 0 || 0 1 0 0 0 
-----------
0 1 1 0 0 || 0 0 0 0 0 
0 0 0 0 0 || 0 1 0 0 0 
-----------
0 0 1 0 0 || 0 1 0 0 0 
0 0 0 0 0 || 0 1 0 0 0 
-----------
0 1 0 0 0 || 0 0 1 0 0 
0 1 0 0 0 || 0 0 0 0 0 
-----------
0 0 1 0 0 || 0 2 0 0 0 
0 0 0 0 0 || 1 0 0 0 0 
-----------
0 1 1 0 0 || 0 1 0 0 0 
1 0 0 0 0 || 0 0 0 0 0 
-----------
0 1 0 0 0 || 0 1 1 0 0 
1 0 0 0 0 || 0 0 0 0 0 
-----------
0 2 0 0 0 || 0 0 1 0 0 
1 0 0 0 0 || 0 0 0 0 0 
-----------
0 2 1 0 0 || 0 0 0 0 0 
1 0 0 0 0 || 0 0 0 0 0 
-----------
0 0 0 0 0 || 0 4 0 0 0 
0 0 0 0 0 || 1 0 0 0 0 
-----------
0 1 0 0 0 || 0 3 0 0 0 
0 0 0 0 0 || 1 0 0 0 0 
-----------
0 2 0 0 0 || 0 2 0 0 0 
0 0 0 0 0 || 1 0 0 0 0 
-----------
0 3 0 0 0 || 0 1 0 0 0 
0 0 0 0 0 || 1 0 0 0 0 
-----------
0 4 0 0 0 || 0 0 0 0 0 
0 0 0 0 0 || 1 0 0 0 0 
-----------
0 4 0 0 0 || 0 0 0 0 0 
1 0 0 0 0 || 0 0 0 0 0 
-----------
0 3 0 0 0 || 0 0 0 0 0 
0 1 0 0 0 || 0 0 0 0 0 
-----------
0 2 0 0 0 || 0 1 0 0 0 
0 1 0 0 0 || 0 0 0 0 0 
-----------
0 1 0 0 0 || 0 2 0 0 0 
0 1 0 0 0 || 0 0 0 0 0 
-----------
0 0 0 0 0 || 0 3 0 0 0 
0 1 0 0 0 || 0 0 0 0 0 
-----------
0 0 0 0 0 || 0 3 0 0 0 
0 0 0 0 0 || 0 1 0 0 0 
-----------
0 1 0 0 0 || 0 2 0 0 0 
0 0 0 0 0 || 0 1 0 0 0 
-----------
0 2 0 0 0 || 0 1 0 0 0 
0 0 0 0 0 || 0 1 0 0 0 
-----------
0 3 0 0 0 || 0 0 0 0 0 
0 0 0 0 0 || 0 1 0 0 0 
-----------
0 3 0 0 0 || 0 1 0 0 0 
1 0 0 0 0 || 0 0 0 0 0 
-----------
0 2 0 0 0 || 0 2 0 0 0 
1 0 0 0 0 || 0 0 0 0 0 
-----------
0 1 0 0 0 || 0 3 0 0 0 
1 0 0 0 0 || 0 0 0 0 0 
-----------
