nnz: 308
1.000000	1	0	28
1.000000	2	0	59
1.000000	3	0	75
1.000000	0	1	2
1.000000	1	1	23
0.500000	2	1	28
0.500000	2	1	54
1.000000	3	1	55
1.000000	1	2	6
1.000000	2	2	9
1.000000	3	2	17
1.000000	0	3	4
0.500000	2	3	6
0.500000	2	3	8
1.000000	-1	4	4
1.000000	-1	5	5
1.000000	3	6	3
1.000000	2	6	7
1.000000	1	7	5
0.500000	3	7	6
0.500000	3	7	8
1.000000	3	8	3
1.000000	2	8	7
0.333333	3	9	2
0.333333	1	9	7
0.666667	3	9	10
0.666667	1	9	15
1.000000	2	10	9
0.500000	3	10	11
1.000000	1	10	16
0.500000	3	10	17
1.000000	0	11	8
1.000000	2	11	10
1.000000	3	11	12
0.333333	0	12	3
0.333333	2	12	11
0.666667	0	12	13
0.666667	2	12	17
1.000000	0	13	4
0.500000	2	13	14
0.500000	2	13	16
1.000000	3	14	13
1.000000	2	14	15
1.000000	1	15	5
0.500000	3	15	14
0.500000	3	15	16
1.000000	3	16	13
1.000000	2	16	15
0.500000	2	17	2
0.500000	2	17	10
1.000000	3	17	12
1.000000	0	17	14
0.666667	0	18	3
0.333333	0	18	19
0.666667	2	18	23
0.333333	2	18	27
1.000000	0	19	4
0.500000	2	19	20
0.500000	2	19	22
1.000000	3	20	19
1.000000	2	20	21
1.000000	1	21	5
0.500000	3	21	20
0.500000	3	21	22
1.000000	3	22	19
1.000000	2	22	21
1.000000	0	23	6
1.000000	3	23	18
0.500000	2	23	24
0.500000	2	23	26
1.000000	1	24	20
1.000000	3	24	23
1.000000	2	24	25
0.666667	1	25	7
0.333333	1	25	21
0.333333	3	25	24
0.666667	3	25	26
1.000000	1	26	8
0.500000	3	26	23
1.000000	2	26	25
0.500000	3	26	27
1.000000	3	27	18
1.000000	0	27	22
1.000000	2	27	26
0.333333	3	28	1
0.333333	1	28	24
1.000000	2	28	29
0.666667	1	28	42
0.666667	3	28	56
0.166667	1	29	9
0.166667	1	29	25
0.250000	3	29	28
0.500000	3	29	30
0.333333	1	29	35
0.333333	1	29	49
0.250000	3	29	54
0.333333	1	30	10
1.000000	2	30	29
0.333333	3	30	31
0.333333	1	30	36
0.333333	3	30	45
0.333333	1	30	50
0.333333	3	30	56
1.000000	1	31	11
1.000000	0	31	26
1.000000	2	31	30
0.500000	3	31	32
0.500000	3	31	57
0.333333	0	32	27
0.333333	2	32	31
0.666667	0	32	33
0.666667	2	32	45
1.000000	3	32	58
1.000000	0	33	22
0.500000	2	33	34
0.500000	2	33	36
1.000000	3	33	44
0.500000	3	34	33
1.000000	2	34	35
1.000000	1	34	40
0.500000	3	34	43
0.333333	1	35	15
0.333333	1	35	21
0.333333	3	35	34
0.333333	3	35	36
0.333333	1	35	39
0.333333	3	35	42
1.000000	1	36	16
0.500000	3	36	33
1.000000	2	36	35
0.500000	3	36	37
0.500000	2	37	36
1.000000	0	37	38
0.500000	2	37	42
1.000000	3	37	44
1.000000	2	38	39
1.000000	3	38	41
1.000000	1	39	5
0.500000	3	39	38
0.500000	3	39	40
1.000000	2	40	39
1.000000	3	40	41
1.000000	0	41	4
0.500000	2	41	38
0.500000	2	41	40
1.000000	1	42	20
1.000000	2	42	35
0.500000	3	42	37
0.500000	3	42	43
1.000000	0	43	14
0.500000	2	43	34
0.500000	2	43	42
1.000000	3	43	44
0.333333	0	44	13
0.333333	0	44	19
0.333333	2	44	33
0.333333	2	44	37
0.333333	0	44	41
0.333333	2	44	43
0.500000	2	45	30
0.500000	3	45	32
1.000000	0	45	34
1.000000	1	45	51
0.500000	2	45	54
0.500000	3	45	55
0.333333	0	46	3
0.333333	0	46	13
0.333333	0	46	41
0.333333	2	46	47
0.333333	2	46	51
0.333333	2	46	53
1.000000	0	47	14
1.000000	3	47	46
0.500000	2	47	48
0.500000	2	47	52
1.000000	1	48	38
0.500000	3	48	47
1.000000	2	48	49
0.500000	3	48	53
0.333333	1	49	7
0.333333	1	49	15
0.333333	1	49	39
0.333333	3	49	48
0.333333	3	49	50
0.333333	3	49	52
1.000000	1	50	16
1.000000	2	50	49
0.500000	3	50	51
0.500000	3	50	53
1.000000	0	51	40
1.000000	3	51	46
0.500000	2	51	50
0.500000	2	51	52
1.000000	1	52	8
0.500000	3	52	47
1.000000	2	52	49
0.500000	3	52	51
1.000000	0	53	6
1.000000	3	53	46
0.500000	2	53	48
0.500000	2	53	50
0.333333	3	54	1
0.333333	1	54	26
1.000000	2	54	29
0.666667	3	54	45
0.666667	1	54	52
0.333333	2	55	1
0.333333	0	55	17
0.333333	0	55	43
0.333333	2	55	45
0.333333	0	55	47
0.333333	2	55	56
1.000000	3	55	58
0.500000	2	56	28
0.500000	2	56	30
1.000000	1	56	37
1.000000	0	56	48
0.500000	3	56	55
0.500000	3	56	57
0.333333	0	57	23
0.333333	2	57	31
0.666667	0	57	53
0.666667	2	57	56
1.000000	3	57	58
0.166667	0	58	12
0.166667	0	58	18
0.250000	2	58	32
0.333333	0	58	44
0.333333	0	58	46
0.500000	2	58	55
0.250000	2	58	57
0.200000	3	59	0
0.600000	1	59	29
0.800000	3	59	60
0.400000	1	59	69
0.500000	1	60	30
1.000000	2	60	59
0.750000	3	60	61
0.500000	1	60	70
0.250000	3	60	75
0.333333	1	61	31
1.000000	0	61	54
1.000000	2	61	60
0.666667	3	61	62
0.666667	1	61	71
0.333333	3	61	74
1.000000	0	62	45
1.000000	2	62	61
0.500000	3	62	63
1.000000	1	62	72
0.500000	3	62	73
1.000000	0	63	32
1.000000	2	63	62
1.000000	3	63	64
0.600000	0	64	58
0.200000	2	64	63
0.400000	0	64	65
0.800000	2	64	73
0.500000	0	65	12
0.500000	0	65	46
0.750000	2	65	66
0.250000	2	65	72
0.666667	0	66	17
0.333333	0	66	47
1.000000	3	66	65
0.666667	2	66	67
0.333333	2	66	71
1.000000	0	67	2
1.000000	1	67	53
1.000000	3	67	66
0.500000	2	67	68
0.500000	2	67	70
1.000000	1	68	48
1.000000	3	68	67
1.000000	2	68	69
0.500000	1	69	9
0.500000	1	69	49
0.250000	3	69	68
0.750000	3	69	70
0.666667	1	70	10
0.333333	1	70	50
0.333333	3	70	67
1.000000	2	70	69
0.666667	3	70	71
1.000000	1	71	11
1.000000	0	71	52
0.500000	3	71	66
1.000000	2	71	70
0.500000	3	71	72
1.000000	0	72	51
1.000000	3	72	65
1.000000	2	72	71
0.500000	0	73	55
0.250000	2	73	62
1.000000	3	73	64
0.500000	0	73	66
0.750000	2	73	74
0.333333	0	74	1
1.000000	1	74	57
0.333333	2	74	61
0.666667	0	74	67
1.000000	3	74	73
0.666667	2	74	75
0.500000	2	75	0
1.000000	1	75	56
0.500000	2	75	60
1.000000	0	75	68
1.000000	3	75	74
