nnz: 3590
1.000000	0	0	1
1.000000	1	0	454
1.000000	2	0	541
1.000000	3	0	609
1.000000	0	1	2
1.000000	1	1	191
0.500000	2	1	286
0.500000	2	1	340
1.000000	3	1	341
1.000000	1	2	30
1.000000	2	2	61
1.000000	3	2	77
1.000000	0	3	4
1.000000	1	3	25
0.500000	2	3	30
0.500000	2	3	56
1.000000	3	3	57
1.000000	1	4	8
1.000000	2	4	11
1.000000	3	4	19
1.000000	0	5	6
0.500000	2	5	8
0.500000	2	5	10
1.000000	-1	6	6
1.000000	-1	7	7
1.000000	3	8	5
1.000000	2	8	9
1.000000	1	9	7
0.500000	3	9	8
0.500000	3	9	10
1.000000	3	10	5
1.000000	2	10	9
0.333333	3	11	4
0.333333	1	11	9
0.666667	3	11	12
0.666667	1	11	17
1.000000	2	12	11
0.500000	3	12	13
1.000000	1	12	18
0.500000	3	12	19
1.000000	0	13	10
1.000000	2	13	12
1.000000	3	13	14
0.333333	0	14	5
0.333333	2	14	13
0.666667	0	14	15
0.666667	2	14	19
1.000000	0	15	6
0.500000	2	15	16
0.500000	2	15	18
1.000000	3	16	15
1.000000	2	16	17
1.000000	1	17	7
0.500000	3	17	16
0.500000	3	17	18
1.000000	3	18	15
1.000000	2	18	17
0.500000	2	19	4
0.500000	2	19	12
1.000000	3	19	14
1.000000	0	19	16
0.666667	0	20	5
0.333333	0	20	21
0.666667	2	20	25
0.333333	2	20	29
1.000000	0	21	6
0.500000	2	21	22
0.500000	2	21	24
1.000000	3	22	21
1.000000	2	22	23
1.000000	1	23	7
0.500000	3	23	22
0.500000	3	23	24
1.000000	3	24	21
1.000000	2	24	23
1.000000	0	25	8
1.000000	3	25	20
0.500000	2	25	26
0.500000	2	25	28
1.000000	1	26	22
1.000000	3	26	25
1.000000	2	26	27
0.666667	1	27	9
0.333333	1	27	23
0.333333	3	27	26
0.666667	3	27	28
1.000000	1	28	10
0.500000	3	28	25
1.000000	2	28	27
0.500000	3	28	29
1.000000	3	29	20
1.000000	0	29	24
1.000000	2	29	28
0.333333	3	30	3
0.333333	1	30	26
1.000000	2	30	31
0.666667	1	30	44
0.666667	3	30	58
0.166667	1	31	11
0.166667	1	31	27
0.250000	3	31	30
0.500000	3	31	32
0.333333	1	31	37
0.333333	1	31	51
0.250000	3	31	56
0.333333	1	32	12
1.000000	2	32	31
0.333333	3	32	33
0.333333	1	32	38
0.333333	3	32	47
0.333333	1	32	52
0.333333	3	32	58
1.000000	1	33	13
1.000000	0	33	28
1.000000	2	33	32
0.500000	3	33	34
0.500000	3	33	59
0.333333	0	34	29
0.333333	2	34	33
0.666667	0	34	35
0.666667	2	34	47
1.000000	3	34	60
1.000000	0	35	24
0.500000	2	35	36
0.500000	2	35	38
1.000000	3	35	46
0.500000	3	36	35
1.000000	2	36	37
1.000000	1	36	42
0.500000	3	36	45
0.333333	1	37	17
0.333333	1	37	23
0.333333	3	37	36
0.333333	3	37	38
0.333333	1	37	41
0.333333	3	37	44
1.000000	1	38	18
0.500000	3	38	35
1.000000	2	38	37
0.500000	3	38	39
0.500000	2	39	38
1.000000	0	39	40
0.500000	2	39	44
1.000000	3	39	46
1.000000	2	40	41
1.000000	3	40	43
1.000000	1	41	7
0.500000	3	41	40
0.500000	3	41	42
1.000000	2	42	41
1.000000	3	42	43
1.000000	0	43	6
0.500000	2	43	40
0.500000	2	43	42
1.000000	1	44	22
1.000000	2	44	37
0.500000	3	44	39
0.500000	3	44	45
1.000000	0	45	16
0.500000	2	45	36
0.500000	2	45	44
1.000000	3	45	46
0.333333	0	46	15
0.333333	0	46	21
0.333333	2	46	35
0.333333	2	46	39
0.333333	0	46	43
0.333333	2	46	45
0.500000	2	47	32
0.500000	3	47	34
1.000000	0	47	36
1.000000	1	47	53
0.500000	2	47	56
0.500000	3	47	57
0.333333	0	48	5
0.333333	0	48	15
0.333333	0	48	43
0.333333	2	48	49
0.333333	2	48	53
0.333333	2	48	55
1.000000	0	49	16
1.000000	3	49	48
0.500000	2	49	50
0.500000	2	49	54
1.000000	1	50	40
0.500000	3	50	49
1.000000	2	50	51
0.500000	3	50	55
0.333333	1	51	9
0.333333	1	51	17
0.333333	1	51	41
0.333333	3	51	50
0.333333	3	51	52
0.333333	3	51	54
1.000000	1	52	18
1.000000	2	52	51
0.500000	3	52	53
0.500000	3	52	55
1.000000	0	53	42
1.000000	3	53	48
0.500000	2	53	52
0.500000	2	53	54
1.000000	1	54	10
0.500000	3	54	49
1.000000	2	54	51
0.500000	3	54	53
1.000000	0	55	8
1.000000	3	55	48
0.500000	2	55	50
0.500000	2	55	52
0.333333	3	56	3
0.333333	1	56	28
1.000000	2	56	31
0.666667	3	56	47
0.666667	1	56	54
0.333333	2	57	3
0.333333	0	57	19
0.333333	0	57	45
0.333333	2	57	47
0.333333	0	57	49
0.333333	2	57	58
1.000000	3	57	60
0.500000	2	58	30
0.500000	2	58	32
1.000000	1	58	39
1.000000	0	58	50
0.500000	3	58	57
0.500000	3	58	59
0.333333	0	59	25
0.333333	2	59	33
0.666667	0	59	55
0.666667	2	59	58
1.000000	3	59	60
0.166667	0	60	14
0.166667	0	60	20
0.250000	2	60	34
0.333333	0	60	46
0.333333	0	60	48
0.500000	2	60	57
0.250000	2	60	59
0.200000	3	61	2
0.600000	1	61	31
0.800000	3	61	62
0.400000	1	61	71
0.500000	1	62	32
1.000000	2	62	61
0.750000	3	62	63
0.500000	1	62	72
0.250000	3	62	77
0.333333	1	63	33
1.000000	0	63	56
1.000000	2	63	62
0.666667	3	63	64
0.666667	1	63	73
0.333333	3	63	76
1.000000	0	64	47
1.000000	2	64	63
0.500000	3	64	65
1.000000	1	64	74
0.500000	3	64	75
1.000000	0	65	34
1.000000	2	65	64
1.000000	3	65	66
0.600000	0	66	60
0.200000	2	66	65
0.400000	0	66	67
0.800000	2	66	75
0.500000	0	67	14
0.500000	0	67	48
0.750000	2	67	68
0.250000	2	67	74
0.666667	0	68	19
0.333333	0	68	49
1.000000	3	68	67
0.666667	2	68	69
0.333333	2	68	73
1.000000	0	69	4
1.000000	1	69	55
1.000000	3	69	68
0.500000	2	69	70
0.500000	2	69	72
1.000000	1	70	50
1.000000	3	70	69
1.000000	2	70	71
0.500000	1	71	11
0.500000	1	71	51
0.250000	3	71	70
0.750000	3	71	72
0.666667	1	72	12
0.333333	1	72	52
0.333333	3	72	69
1.000000	2	72	71
0.666667	3	72	73
1.000000	1	73	13
1.000000	0	73	54
0.500000	3	73	68
1.000000	2	73	72
0.500000	3	73	74
1.000000	0	74	53
1.000000	3	74	67
1.000000	2	74	73
0.500000	0	75	57
0.250000	2	75	64
1.000000	3	75	66
0.500000	0	75	68
0.750000	2	75	76
0.333333	0	76	3
1.000000	1	76	59
0.333333	2	76	63
0.666667	0	76	69
1.000000	3	76	75
0.666667	2	76	77
0.500000	2	77	2
1.000000	1	77	58
0.500000	2	77	62
1.000000	0	77	70
1.000000	3	77	76
0.333333	0	78	3
0.333333	0	78	79
0.333333	0	78	127
1.000000	1	78	180
0.333333	2	78	191
0.333333	2	78	255
1.000000	3	78	277
0.333333	2	78	283
1.000000	0	79	4
1.000000	1	79	89
0.500000	2	79	96
0.500000	2	79	122
1.000000	3	79	123
0.333333	0	80	5
0.333333	0	80	81
0.333333	0	80	85
0.333333	2	80	89
0.333333	2	80	93
0.333333	2	80	95
1.000000	0	81	6
0.500000	2	81	82
0.500000	2	81	84
1.000000	3	82	81
1.000000	2	82	83
1.000000	1	83	7
0.500000	3	83	82
0.500000	3	83	84
1.000000	3	84	81
1.000000	2	84	83
1.000000	0	85	6
0.500000	2	85	86
0.500000	2	85	88
1.000000	3	86	85
1.000000	2	86	87
1.000000	1	87	7
0.500000	3	87	86
0.500000	3	87	88
1.000000	3	88	85
1.000000	2	88	87
1.000000	0	89	8
1.000000	3	89	80
0.500000	2	89	90
0.500000	2	89	94
1.000000	1	90	82
0.500000	3	90	89
1.000000	2	90	91
0.500000	3	90	95
0.333333	1	91	9
0.333333	1	91	83
0.333333	1	91	87
0.333333	3	91	90
0.333333	3	91	92
0.333333	3	91	94
1.000000	1	92	10
1.000000	2	92	91
0.500000	3	92	93
0.500000	3	92	95
1.000000	3	93	80
1.000000	0	93	84
0.500000	2	93	92
0.500000	2	93	94
1.000000	1	94	88
0.500000	3	94	89
1.000000	2	94	91
0.500000	3	94	93
1.000000	3	95	80
1.000000	0	95	86
0.500000	2	95	90
0.500000	2	95	92
0.333333	3	96	79
0.333333	1	96	90
1.000000	2	96	97
0.666667	1	96	110
0.666667	3	96	124
0.166667	1	97	11
0.166667	1	97	91
0.250000	3	97	96
0.500000	3	97	98
0.333333	1	97	103
0.333333	1	97	117
0.250000	3	97	122
0.333333	1	98	12
1.000000	2	98	97
0.333333	3	98	99
0.333333	1	98	104
0.333333	3	98	113
0.333333	1	98	118
0.333333	3	98	124
1.000000	1	99	13
1.000000	0	99	92
1.000000	2	99	98
0.500000	3	99	100
0.500000	3	99	125
0.333333	0	100	93
0.333333	2	100	99
0.666667	0	100	101
0.666667	2	100	113
1.000000	3	100	126
1.000000	0	101	84
0.500000	2	101	102
0.500000	2	101	104
1.000000	3	101	112
0.500000	3	102	101
1.000000	2	102	103
1.000000	1	102	108
0.500000	3	102	111
0.333333	1	103	17
0.333333	1	103	83
0.333333	3	103	102
0.333333	3	103	104
0.333333	1	103	107
0.333333	3	103	110
1.000000	1	104	18
0.500000	3	104	101
1.000000	2	104	103
0.500000	3	104	105
0.500000	2	105	104
1.000000	0	105	106
0.500000	2	105	110
1.000000	3	105	112
1.000000	2	106	107
1.000000	3	106	109
1.000000	1	107	7
0.500000	3	107	106
0.500000	3	107	108
1.000000	2	108	107
1.000000	3	108	109
1.000000	0	109	6
0.500000	2	109	106
0.500000	2	109	108
1.000000	1	110	82
1.000000	2	110	103
0.500000	3	110	105
0.500000	3	110	111
1.000000	0	111	16
0.500000	2	111	102
0.500000	2	111	110
1.000000	3	111	112
0.333333	0	112	15
0.333333	0	112	81
0.333333	2	112	101
0.333333	2	112	105
0.333333	0	112	109
0.333333	2	112	111
0.500000	2	113	98
0.500000	3	113	100
1.000000	0	113	102
1.000000	1	113	119
0.500000	2	113	122
0.500000	3	113	123
0.333333	0	114	15
0.333333	0	114	85
0.333333	0	114	109
0.333333	2	114	115
0.333333	2	114	119
0.333333	2	114	121
1.000000	0	115	16
1.000000	3	115	114
0.500000	2	115	116
0.500000	2	115	120
1.000000	1	116	106
0.500000	3	116	115
1.000000	2	116	117
0.500000	3	116	121
0.333333	1	117	17
0.333333	1	117	87
0.333333	1	117	107
0.333333	3	117	116
0.333333	3	117	118
0.333333	3	117	120
1.000000	1	118	18
1.000000	2	118	117
0.500000	3	118	119
0.500000	3	118	121
1.000000	0	119	108
1.000000	3	119	114
0.500000	2	119	118
0.500000	2	119	120
1.000000	1	120	88
0.500000	3	120	115
1.000000	2	120	117
0.500000	3	120	119
1.000000	0	121	86
1.000000	3	121	114
0.500000	2	121	116
0.500000	2	121	118
0.333333	3	122	79
0.333333	1	122	94
1.000000	2	122	97
0.666667	3	122	113
0.666667	1	122	120
0.333333	0	123	19
0.333333	2	123	79
0.333333	0	123	111
0.333333	2	123	113
0.333333	0	123	115
0.333333	2	123	124
1.000000	3	123	126
0.500000	2	124	96
0.500000	2	124	98
1.000000	1	124	105
1.000000	0	124	116
0.500000	3	124	123
0.500000	3	124	125
0.333333	0	125	95
0.333333	2	125	99
0.666667	0	125	121
0.666667	2	125	124
1.000000	3	125	126
0.166667	0	126	14
0.166667	0	126	80
0.250000	2	126	100
0.333333	0	126	112
0.333333	0	126	114
0.500000	2	126	123
0.250000	2	126	125
1.000000	0	127	4
1.000000	1	127	133
0.500000	2	127	140
0.500000	2	127	166
1.000000	3	127	167
0.333333	0	128	5
0.333333	0	128	85
0.333333	0	128	129
0.333333	2	128	133
0.333333	2	128	137
0.333333	2	128	139
1.000000	0	129	6
0.500000	2	129	130
0.500000	2	129	132
1.000000	3	130	129
1.000000	2	130	131
1.000000	1	131	7
0.500000	3	131	130
0.500000	3	131	132
1.000000	3	132	129
1.000000	2	132	131
1.000000	0	133	8
1.000000	3	133	128
0.500000	2	133	134
0.500000	2	133	138
1.000000	1	134	86
0.500000	3	134	133
1.000000	2	134	135
0.500000	3	134	139
0.333333	1	135	9
0.333333	1	135	87
0.333333	1	135	131
0.333333	3	135	134
0.333333	3	135	136
0.333333	3	135	138
1.000000	1	136	10
1.000000	2	136	135
0.500000	3	136	137
0.500000	3	136	139
1.000000	0	137	88
1.000000	3	137	128
0.500000	2	137	136
0.500000	2	137	138
1.000000	1	138	132
0.500000	3	138	133
1.000000	2	138	135
0.500000	3	138	137
1.000000	3	139	128
1.000000	0	139	130
0.500000	2	139	134
0.500000	2	139	136
0.333333	3	140	127
0.333333	1	140	134
1.000000	2	140	141
0.666667	1	140	154
0.666667	3	140	168
0.166667	1	141	11
0.166667	1	141	135
0.250000	3	141	140
0.500000	3	141	142
0.333333	1	141	147
0.333333	1	141	161
0.250000	3	141	166
0.333333	1	142	12
1.000000	2	142	141
0.333333	3	142	143
0.333333	1	142	148
0.333333	3	142	157
0.333333	1	142	162
0.333333	3	142	168
1.000000	1	143	13
1.000000	0	143	136
1.000000	2	143	142
0.500000	3	143	144
0.500000	3	143	169
0.333333	0	144	137
0.333333	2	144	143
0.666667	0	144	145
0.666667	2	144	157
1.000000	3	144	170
1.000000	0	145	88
0.500000	2	145	146
0.500000	2	145	148
1.000000	3	145	156
0.500000	3	146	145
1.000000	2	146	147
1.000000	1	146	152
0.500000	3	146	155
0.333333	1	147	17
0.333333	1	147	87
0.333333	3	147	146
0.333333	3	147	148
0.333333	1	147	151
0.333333	3	147	154
1.000000	1	148	18
0.500000	3	148	145
1.000000	2	148	147
0.500000	3	148	149
0.500000	2	149	148
1.000000	0	149	150
0.500000	2	149	154
1.000000	3	149	156
1.000000	2	150	151
1.000000	3	150	153
1.000000	1	151	7
0.500000	3	151	150
0.500000	3	151	152
1.000000	2	152	151
1.000000	3	152	153
1.000000	0	153	6
0.500000	2	153	150
0.500000	2	153	152
1.000000	1	154	86
1.000000	2	154	147
0.500000	3	154	149
0.500000	3	154	155
1.000000	0	155	16
0.500000	2	155	146
0.500000	2	155	154
1.000000	3	155	156
0.333333	0	156	15
0.333333	0	156	85
0.333333	2	156	145
0.333333	2	156	149
0.333333	0	156	153
0.333333	2	156	155
0.500000	2	157	142
0.500000	3	157	144
1.000000	0	157	146
1.000000	1	157	163
0.500000	2	157	166
0.500000	3	157	167
0.333333	0	158	15
0.333333	0	158	129
0.333333	0	158	153
0.333333	2	158	159
0.333333	2	158	163
0.333333	2	158	165
1.000000	0	159	16
1.000000	3	159	158
0.500000	2	159	160
0.500000	2	159	164
1.000000	1	160	150
0.500000	3	160	159
1.000000	2	160	161
0.500000	3	160	165
0.333333	1	161	17
0.333333	1	161	131
0.333333	1	161	151
0.333333	3	161	160
0.333333	3	161	162
0.333333	3	161	164
1.000000	1	162	18
1.000000	2	162	161
0.500000	3	162	163
0.500000	3	162	165
1.000000	0	163	152
1.000000	3	163	158
0.500000	2	163	162
0.500000	2	163	164
1.000000	1	164	132
0.500000	3	164	159
1.000000	2	164	161
0.500000	3	164	163
1.000000	0	165	130
1.000000	3	165	158
0.500000	2	165	160
0.500000	2	165	162
0.333333	3	166	127
0.333333	1	166	138
1.000000	2	166	141
0.666667	3	166	157
0.666667	1	166	164
0.333333	0	167	19
0.333333	2	167	127
0.333333	0	167	155
0.333333	2	167	157
0.333333	0	167	159
0.333333	2	167	168
1.000000	3	167	170
0.500000	2	168	140
0.500000	2	168	142
1.000000	1	168	149
1.000000	0	168	160
0.500000	3	168	167
0.500000	3	168	169
0.333333	0	169	139
0.333333	2	169	143
0.666667	0	169	165
0.666667	2	169	168
1.000000	3	169	170
0.166667	0	170	14
0.166667	0	170	128
0.250000	2	170	144
0.333333	0	170	156
0.333333	0	170	158
0.500000	2	170	167
0.250000	2	170	169
0.166667	0	171	20
0.333333	0	171	80
0.333333	0	171	128
0.166667	0	171	172
0.500000	2	171	180
0.250000	2	171	186
0.250000	2	171	189
0.333333	0	172	21
0.333333	0	172	81
0.333333	0	172	129
0.333333	2	172	173
0.333333	2	172	177
0.333333	2	172	179
1.000000	0	173	22
1.000000	3	173	172
0.500000	2	173	174
0.500000	2	173	178
1.000000	1	174	82
0.500000	3	174	173
1.000000	2	174	175
0.500000	3	174	179
0.333333	1	175	23
0.333333	1	175	83
0.333333	1	175	131
0.333333	3	175	174
0.333333	3	175	176
0.333333	3	175	178
1.000000	1	176	24
1.000000	2	176	175
0.500000	3	176	177
0.500000	3	176	179
1.000000	0	177	84
1.000000	3	177	172
0.500000	2	177	176
0.500000	2	177	178
1.000000	1	178	132
0.500000	3	178	173
1.000000	2	178	175
0.500000	3	178	177
1.000000	0	179	130
1.000000	3	179	172
0.500000	2	179	174
0.500000	2	179	176
0.333333	0	180	25
0.333333	0	180	89
0.333333	0	180	133
1.000000	3	180	171
0.333333	2	180	181
0.333333	2	180	187
0.333333	2	180	190
1.000000	0	181	26
1.000000	1	181	173
1.000000	3	181	180
0.500000	2	181	182
0.500000	2	181	188
0.666667	1	182	90
0.333333	1	182	174
0.333333	3	182	181
1.000000	2	182	183
0.666667	3	182	190
0.166667	1	183	27
0.333333	1	183	91
0.333333	1	183	135
0.166667	1	183	175
0.250000	3	183	182
0.500000	3	183	184
0.250000	3	183	188
0.333333	1	184	28
0.333333	1	184	92
0.333333	1	184	136
1.000000	2	184	183
0.333333	3	184	185
0.333333	3	184	187
0.333333	3	184	190
1.000000	1	185	29
1.000000	0	185	176
1.000000	2	185	184
0.500000	3	185	186
0.500000	3	185	189
0.666667	0	186	93
1.000000	3	186	171
0.333333	0	186	177
0.333333	2	186	185
0.666667	2	186	187
1.000000	0	187	94
1.000000	1	187	137
0.500000	3	187	180
0.500000	2	187	184
0.500000	3	187	186
0.500000	2	187	188
0.666667	1	188	138
0.333333	1	188	178
0.333333	3	188	181
1.000000	2	188	183
0.666667	3	188	187
0.666667	0	189	139
1.000000	3	189	171
0.333333	0	189	179
0.333333	2	189	185
0.666667	2	189	190
1.000000	1	190	95
1.000000	0	190	134
0.500000	3	190	180
0.500000	2	190	182
0.500000	2	190	184
0.500000	3	190	189
1.000000	0	191	30
0.333333	3	191	78
0.333333	1	191	181
0.666667	1	191	193
0.500000	2	191	224
0.500000	2	191	272
0.666667	3	191	278
0.333333	0	192	45
0.333333	0	192	111
0.333333	0	192	159
0.333333	2	192	193
0.333333	2	192	199
1.000000	3	192	219
0.333333	2	192	223
1.000000	0	193	44
1.000000	1	193	173
0.500000	3	193	192
0.500000	2	193	194
0.500000	2	193	208
0.500000	3	193	220
0.333333	1	194	110
0.333333	1	194	174
0.333333	3	194	193
1.000000	2	194	195
0.333333	1	194	216
0.333333	3	194	221
0.333333	3	194	223
0.166667	1	195	37
0.166667	1	195	103
0.166667	1	195	161
0.166667	1	195	175
0.250000	3	195	194
0.250000	3	195	196
0.250000	3	195	198
0.166667	1	195	203
0.250000	3	195	208
0.166667	1	195	211
0.333333	1	196	38
0.333333	1	196	104
0.333333	1	196	162
1.000000	2	196	195
0.333333	3	196	197
0.333333	3	196	209
0.333333	3	196	221
1.000000	1	197	35
1.000000	0	197	176
0.500000	2	197	196
0.500000	2	197	198
0.500000	3	197	218
0.500000	3	197	222
0.333333	1	198	36
1.000000	2	198	195
0.333333	3	198	197
0.333333	3	198	199
0.333333	1	198	204
0.333333	1	198	212
0.333333	3	198	223
1.000000	0	199	102
0.500000	3	199	192
0.500000	2	199	198
1.000000	1	199	205
0.500000	2	199	208
0.500000	3	199	218
0.333333	0	200	43
0.333333	0	200	109
0.333333	0	200	129
0.333333	2	200	201
0.333333	2	200	205
0.333333	2	200	207
1.000000	0	201	40
1.000000	3	201	200
0.500000	2	201	202
0.500000	2	201	206
1.000000	1	202	106
0.500000	3	202	201
1.000000	2	202	203
0.500000	3	202	207
0.333333	1	203	41
0.333333	1	203	107
0.333333	1	203	131
0.333333	3	203	202
0.333333	3	203	204
0.333333	3	203	206
1.000000	1	204	42
1.000000	2	204	203
0.500000	3	204	205
0.500000	3	204	207
1.000000	0	205	108
1.000000	3	205	200
0.500000	2	205	204
0.500000	2	205	206
1.000000	1	206	132
0.500000	3	206	201
1.000000	2	206	203
0.500000	3	206	205
1.000000	0	207	130
1.000000	3	207	200
0.500000	2	207	202
0.500000	2	207	204
0.333333	1	208	164
0.333333	1	208	178
0.333333	3	208	193
1.000000	2	208	195
0.333333	3	208	199
0.333333	1	208	206
0.333333	3	208	209
1.000000	1	209	163
0.500000	2	209	196
0.500000	2	209	208
1.000000	0	209	210
0.500000	3	209	218
0.500000	3	209	220
1.000000	1	210	152
1.000000	2	210	211
0.500000	3	210	213
0.500000	3	210	215
0.333333	1	211	41
0.333333	1	211	83
0.333333	1	211	151
0.333333	3	211	210
0.333333	3	211	212
0.333333	3	211	216
1.000000	1	212	42
1.000000	2	212	211
0.500000	3	212	213
0.500000	3	212	217
1.000000	0	213	84
0.500000	2	213	210
0.500000	2	213	212
1.000000	3	213	214
0.333333	0	214	43
0.333333	0	214	81
0.333333	0	214	153
0.333333	2	214	213
0.333333	2	214	215
0.333333	2	214	217
1.000000	0	215	40
0.500000	2	215	210
1.000000	3	215	214
0.500000	2	215	216
1.000000	1	216	82
1.000000	2	216	211
0.500000	3	216	215
0.500000	3	216	217
1.000000	0	217	150
0.500000	2	217	212
1.000000	3	217	214
0.500000	2	217	216
0.333333	0	218	101
0.333333	0	218	177
0.333333	2	218	197
0.333333	2	218	199
0.333333	2	218	209
0.333333	0	218	213
1.000000	3	218	219
0.166667	0	219	46
0.166667	0	219	112
0.166667	0	219	158
0.166667	0	219	172
0.250000	2	219	192
0.166667	0	219	200
0.166667	0	219	214
0.250000	2	219	218
0.250000	2	219	220
0.250000	2	219	222
0.333333	0	220	39
0.333333	2	220	193
0.333333	0	220	201
0.333333	2	220	209
0.333333	0	220	215
1.000000	3	220	219
0.333333	2	220	221
1.000000	1	221	105
0.500000	2	221	194
0.500000	2	221	196
1.000000	0	221	202
0.500000	3	221	220
0.500000	3	221	222
0.333333	0	222	165
0.333333	0	222	179
0.333333	2	222	197
0.333333	0	222	207
1.000000	3	222	219
0.333333	2	222	221
0.333333	2	222	223
1.000000	0	223	160
0.500000	3	223	192
0.500000	2	223	194
0.500000	2	223	198
1.000000	1	223	217
0.500000	3	223	222
0.166667	1	224	96
0.166667	1	224	182
0.250000	3	224	191
0.333333	1	224	194
1.000000	2	224	225
0.333333	1	224	246
0.500000	3	224	279
0.250000	3	224	283
0.100000	1	225	31
0.100000	1	225	97
0.100000	1	225	141
0.100000	1	225	183
0.200000	1	225	195
0.200000	3	225	224
0.400000	3	225	226
0.200000	1	225	241
0.200000	3	225	254
0.200000	1	225	259
0.200000	3	225	272
0.166667	1	226	32
0.166667	1	226	98
0.166667	1	226	142
0.166667	1	226	196
1.000000	2	226	225
0.250000	3	226	227
0.250000	3	226	229
0.166667	1	226	242
0.166667	1	226	260
0.250000	3	226	273
0.250000	3	226	279
0.333333	1	227	33
0.333333	1	227	99
0.333333	1	227	143
1.000000	0	227	184
1.000000	2	227	226
0.333333	3	227	228
0.333333	3	227	274
0.333333	3	227	280
1.000000	1	228	34
0.333333	0	228	185
0.666667	0	228	197
0.333333	2	228	227
0.666667	2	228	229
0.500000	3	228	275
0.500000	3	228	281
0.333333	1	229	47
1.000000	0	229	198
0.500000	2	229	226
0.333333	3	229	228
0.333333	1	229	243
0.500000	2	229	254
0.333333	1	229	261
0.333333	3	229	276
0.333333	3	229	282
0.333333	0	230	93
0.333333	0	230	101
0.333333	0	230	213
0.333333	2	230	231
0.333333	2	230	243
1.000000	3	230	249
0.333333	2	230	253
1.000000	0	231	102
0.500000	3	231	230
1.000000	1	231	237
0.500000	2	231	240
0.500000	2	231	244
0.500000	3	231	250
0.333333	0	232	5
0.333333	0	232	109
0.333333	0	232	153
0.333333	2	232	233
0.333333	2	232	237
0.333333	2	232	239
1.000000	0	233	8
1.000000	3	233	232
0.500000	2	233	234
0.500000	2	233	238
1.000000	1	234	106
0.500000	3	234	233
1.000000	2	234	235
0.500000	3	234	239
0.333333	1	235	9
0.333333	1	235	107
0.333333	1	235	151
0.333333	3	235	234
0.333333	3	235	236
0.333333	3	235	238
1.000000	1	236	10
1.000000	2	236	235
0.500000	3	236	237
0.500000	3	236	239
1.000000	0	237	108
1.000000	3	237	232
0.500000	2	237	236
0.500000	2	237	238
1.000000	1	238	152
0.500000	3	238	233
1.000000	2	238	235
0.500000	3	238	237
1.000000	0	239	150
1.000000	3	239	232
0.500000	2	239	234
0.500000	2	239	236
0.333333	1	240	146
0.333333	1	240	210
0.333333	3	240	231
0.333333	1	240	238
1.000000	2	240	241
0.333333	3	240	251
0.333333	3	240	253
0.166667	1	241	51
0.166667	1	241	91
0.166667	1	241	103
0.166667	1	241	147
0.166667	1	241	211
0.166667	1	241	235
0.250000	3	241	240
0.250000	3	241	242
0.250000	3	241	244
0.250000	3	241	246
0.333333	1	242	52
0.333333	1	242	104
0.333333	1	242	148
1.000000	2	242	241
0.333333	3	242	243
0.333333	3	242	247
0.333333	3	242	253
1.000000	1	243	53
1.000000	0	243	212
0.500000	3	243	230
0.500000	2	243	242
0.500000	2	243	244
0.500000	3	243	248
0.333333	1	244	54
0.333333	1	244	92
0.333333	3	244	231
0.333333	1	244	236
1.000000	2	244	241
0.333333	3	244	243
0.333333	3	244	245
1.000000	1	245	95
1.000000	0	245	154
0.500000	2	245	244
0.500000	2	245	246
0.500000	3	245	248
0.500000	3	245	250
0.333333	1	246	90
0.333333	1	246	110
0.333333	1	246	216
1.000000	2	246	241
0.333333	3	246	245
0.333333	3	246	247
0.333333	3	246	251
1.000000	1	247	105
1.000000	0	247	234
0.500000	2	247	242
0.500000	2	247	246
0.500000	3	247	248
0.500000	3	247	252
0.333333	0	248	149
0.333333	0	248	217
0.333333	0	248	239
0.333333	2	248	243
0.333333	2	248	245
0.333333	2	248	247
1.000000	3	248	249
0.166667	0	249	48
0.166667	0	249	80
0.166667	0	249	112
0.166667	0	249	156
0.166667	0	249	214
0.250000	2	249	230
0.166667	0	249	232
0.250000	2	249	248
0.250000	2	249	250
0.250000	2	249	252
0.333333	0	250	49
0.333333	0	250	111
0.333333	0	250	155
0.333333	2	250	231
0.333333	2	250	245
1.000000	3	250	249
0.333333	2	250	251
1.000000	0	251	50
1.000000	1	251	215
0.500000	2	251	240
0.500000	2	251	246
0.500000	3	251	250
0.500000	3	251	252
0.333333	0	252	55
0.333333	0	252	89
0.333333	0	252	233
0.333333	2	252	247
1.000000	3	252	249
0.333333	2	252	251
0.333333	2	252	253
1.000000	0	253	94
1.000000	1	253	145
0.500000	3	253	230
0.500000	2	253	240
0.500000	2	253	242
0.500000	3	253	252
0.166667	1	254	56
0.166667	1	254	184
1.000000	2	254	225
0.500000	3	254	229
0.333333	1	254	244
0.250000	3	254	255
0.333333	1	254	262
0.250000	3	254	283
0.333333	3	255	78
1.000000	0	255	122
0.333333	1	255	187
0.500000	2	255	254
0.666667	1	255	263
0.500000	2	255	272
0.666667	3	255	276
0.333333	0	256	49
0.333333	0	256	115
0.333333	0	256	159
0.333333	2	256	257
0.333333	2	256	263
1.000000	3	256	267
0.333333	2	256	271
1.000000	0	257	50
1.000000	1	257	201
0.500000	3	257	256
0.500000	2	257	258
0.500000	2	257	264
0.500000	3	257	268
0.333333	1	258	116
0.333333	1	258	202
0.333333	1	258	234
0.333333	3	258	257
1.000000	2	258	259
0.333333	3	258	269
0.333333	3	258	271
0.166667	1	259	51
0.166667	1	259	117
0.166667	1	259	135
0.166667	1	259	161
0.166667	1	259	203
0.166667	1	259	235
0.250000	3	259	258
0.250000	3	259	260
0.250000	3	259	262
0.250000	3	259	264
0.333333	1	260	52
0.333333	1	260	118
0.333333	1	260	162
1.000000	2	260	259
0.333333	3	260	261
0.333333	3	260	265
0.333333	3	260	269
1.000000	1	261	53
1.000000	0	261	204
0.500000	2	261	260
0.500000	2	261	262
0.500000	3	261	266
0.500000	3	261	270
0.333333	1	262	54
0.333333	1	262	136
0.333333	1	262	236
1.000000	2	262	259
0.333333	3	262	261
0.333333	3	262	263
0.333333	3	262	271
1.000000	0	263	120
1.000000	1	263	137
0.500000	3	263	256
0.500000	2	263	262
0.500000	2	263	264
0.500000	3	263	266
0.333333	1	264	138
0.333333	1	264	164
0.333333	1	264	206
0.333333	3	264	257
1.000000	2	264	259
0.333333	3	264	263
0.333333	3	264	265
1.000000	1	265	163
1.000000	0	265	238
0.500000	2	265	260
0.500000	2	265	264
0.500000	3	265	266
0.500000	3	265	268
0.333333	0	266	119
0.333333	0	266	205
0.333333	0	266	237
0.333333	2	266	261
0.333333	2	266	263
0.333333	2	266	265
1.000000	3	266	267
0.166667	0	267	48
0.166667	0	267	114
0.166667	0	267	128
0.166667	0	267	158
0.166667	0	267	200
0.166667	0	267	232
0.250000	2	267	256
0.250000	2	267	266
0.250000	2	267	268
0.250000	2	267	270
0.333333	0	268	55
0.333333	0	268	133
0.333333	0	268	233
0.333333	2	268	257
0.333333	2	268	265
1.000000	3	268	267
0.333333	2	268	269
1.000000	1	269	121
1.000000	0	269	134
0.500000	2	269	258
0.500000	2	269	260
0.500000	3	269	268
0.500000	3	269	270
0.333333	0	270	139
0.333333	0	270	165
0.333333	0	270	207
0.333333	2	270	261
1.000000	3	270	267
0.333333	2	270	269
0.333333	2	270	271
1.000000	0	271	160
1.000000	1	271	239
0.500000	3	271	256
0.500000	2	271	258
0.500000	2	271	262
0.500000	3	271	270
0.166667	1	272	166
0.166667	1	272	188
0.250000	3	272	191
0.333333	1	272	208
1.000000	2	272	225
0.250000	3	272	255
0.333333	1	272	264
0.500000	3	272	273
0.333333	1	273	157
0.333333	1	273	209
0.500000	2	273	226
1.000000	0	273	240
0.333333	1	273	265
0.500000	2	273	272
0.333333	3	273	274
0.333333	3	273	276
0.333333	3	273	278
1.000000	1	274	144
0.333333	0	274	187
0.333333	2	274	227
0.666667	0	274	253
0.666667	2	274	273
0.500000	3	274	275
0.500000	3	274	285
0.166667	0	275	100
0.166667	0	275	186
0.333333	0	275	218
0.250000	2	275	228
0.333333	0	275	230
0.250000	2	275	274
0.500000	2	275	276
1.000000	3	275	284
0.333333	0	276	113
0.333333	0	276	199
0.333333	2	276	229
0.333333	0	276	231
0.333333	2	276	255
1.000000	1	276	266
0.333333	2	276	273
0.500000	3	276	275
0.500000	3	276	277
0.166667	0	277	57
0.250000	2	277	78
0.166667	0	277	123
0.166667	0	277	167
0.166667	0	277	192
0.166667	0	277	250
0.166667	0	277	256
0.250000	2	277	276
0.250000	2	277	278
0.250000	2	277	282
1.000000	3	277	284
0.333333	0	278	58
0.333333	2	278	191
1.000000	1	278	220
0.333333	0	278	251
0.333333	0	278	257
0.333333	2	278	273
0.500000	3	278	277
0.333333	2	278	279
0.500000	3	278	285
0.333333	1	279	124
0.333333	1	279	221
0.500000	2	279	224
0.500000	2	279	226
0.333333	1	279	247
1.000000	0	279	258
0.333333	3	279	278
0.333333	3	279	280
0.333333	3	279	282
1.000000	1	280	125
0.333333	0	280	190
0.333333	2	280	227
0.666667	0	280	269
0.666667	2	280	279
0.500000	3	280	281
0.500000	3	280	285
0.166667	0	281	169
0.166667	0	281	189
0.333333	0	281	222
0.250000	2	281	228
0.333333	0	281	270
0.250000	2	281	280
0.500000	2	281	282
1.000000	3	281	284
0.333333	0	282	168
0.333333	0	282	223
0.333333	2	282	229
1.000000	1	282	248
0.333333	0	282	271
0.500000	3	282	277
0.333333	2	282	279
0.500000	3	282	281
0.333333	2	282	283
0.333333	3	283	78
1.000000	0	283	140
0.333333	1	283	190
0.500000	2	283	224
0.666667	1	283	245
0.500000	2	283	254
0.666667	3	283	282
0.100000	0	284	60
0.100000	0	284	126
0.100000	0	284	170
0.100000	0	284	171
0.200000	0	284	219
0.200000	0	284	249
0.200000	0	284	267
0.200000	2	284	275
0.400000	2	284	277
0.200000	2	284	281
0.200000	2	284	285
0.166667	0	285	59
0.166667	0	285	180
0.333333	0	285	252
0.333333	0	285	268
0.250000	2	285	274
0.500000	2	285	278
0.250000	2	285	280
1.000000	3	285	284
0.200000	3	286	1
0.600000	1	286	224
1.000000	2	286	287
0.400000	1	286	316
0.800000	3	286	342
0.066667	1	287	61
0.400000	1	287	225
0.166667	3	287	286
0.666667	3	287	288
0.266667	1	287	309
0.266667	1	287	327
0.166667	3	287	340
0.100000	1	288	62
0.300000	1	288	226
1.000000	2	288	287
0.600000	3	288	289
0.300000	1	288	310
0.300000	1	288	328
0.200000	3	288	339
0.200000	3	288	342
0.166667	1	289	63
0.166667	1	289	227
1.000000	0	289	254
1.000000	2	289	288
0.500000	3	289	290
0.333333	1	289	311
0.333333	1	289	329
0.250000	3	289	338
0.250000	3	289	343
0.333333	1	290	64
1.000000	0	290	229
1.000000	2	290	289
0.333333	3	290	291
0.333333	1	290	312
0.333333	3	290	321
0.333333	1	290	330
0.333333	3	290	344
1.000000	1	291	65
1.000000	0	291	228
1.000000	2	291	290
0.500000	3	291	292
0.500000	3	291	345
0.600000	0	292	275
0.200000	2	292	291
0.400000	0	292	293
0.800000	2	292	321
1.000000	3	292	346
0.500000	0	293	100
0.500000	0	293	230
0.750000	2	293	294
0.250000	2	293	312
1.000000	3	293	320
0.666667	0	294	113
0.333333	0	294	231
0.500000	3	294	293
1.000000	1	294	302
0.666667	2	294	307
0.333333	2	294	311
0.500000	3	294	319
0.166667	0	295	14
0.333333	0	295	114
0.333333	0	295	156
0.166667	0	295	232
0.500000	2	295	296
0.250000	2	295	302
0.250000	2	295	305
0.333333	0	296	19
0.333333	0	296	115
0.333333	0	296	155
1.000000	3	296	295
0.333333	2	296	297
0.333333	2	296	303
0.333333	2	296	306
1.000000	0	297	4
1.000000	1	297	233
1.000000	3	297	296
0.500000	2	297	298
0.500000	2	297	304
0.666667	1	298	116
0.333333	1	298	234
0.333333	3	298	297
1.000000	2	298	299
0.666667	3	298	306
0.166667	1	299	11
0.333333	1	299	117
0.333333	1	299	147
0.166667	1	299	235
0.250000	3	299	298
0.500000	3	299	300
0.250000	3	299	304
0.333333	1	300	12
0.333333	1	300	118
0.333333	1	300	148
1.000000	2	300	299
0.333333	3	300	301
0.333333	3	300	303
0.333333	3	300	306
1.000000	1	301	13
1.000000	0	301	236
1.000000	2	301	300
0.500000	3	301	302
0.500000	3	301	305
0.666667	0	302	119
0.333333	0	302	237
1.000000	3	302	295
0.333333	2	302	301
0.666667	2	302	303
1.000000	0	303	120
1.000000	1	303	145
0.500000	3	303	296
0.500000	2	303	300
0.500000	3	303	302
0.500000	2	303	304
0.666667	1	304	146
0.333333	1	304	238
0.333333	3	304	297
1.000000	2	304	299
0.666667	3	304	303
0.666667	0	305	149
0.333333	0	305	239
1.000000	3	305	295
0.333333	2	305	301
0.666667	2	305	306
1.000000	1	306	121
1.000000	0	306	154
0.500000	3	306	296
0.500000	2	306	298
0.500000	2	306	300
0.500000	3	306	305
1.000000	0	307	122
0.333333	1	307	253
0.666667	3	307	294
0.666667	1	307	303
0.500000	2	307	308
0.500000	2	307	310
0.333333	3	307	318
0.500000	1	308	240
0.500000	1	308	304
0.750000	3	308	307
1.000000	2	308	309
0.250000	3	308	317
0.100000	1	309	71
0.300000	1	309	97
0.300000	1	309	241
0.300000	1	309	299
0.200000	3	309	308
0.600000	3	309	310
0.200000	3	309	316
0.166667	1	310	72
0.333333	1	310	98
0.166667	1	310	242
0.333333	1	310	300
0.250000	3	310	307
1.000000	2	310	309
0.500000	3	310	311
0.250000	3	310	315
0.333333	1	311	73
0.333333	1	311	99
1.000000	0	311	244
0.333333	3	311	294
0.333333	1	311	301
1.000000	2	311	310
0.333333	3	311	312
0.333333	3	311	314
1.000000	1	312	74
1.000000	0	312	243
0.500000	3	312	293
1.000000	2	312	311
0.500000	3	312	313
0.500000	0	313	248
0.500000	0	313	305
0.250000	2	313	312
0.750000	2	313	314
1.000000	3	313	320
1.000000	1	314	125
0.333333	0	314	245
0.666667	0	314	306
0.333333	2	314	311
0.500000	3	314	313
0.666667	2	314	315
0.500000	3	314	319
0.666667	1	315	124
0.333333	1	315	247
1.000000	0	315	298
0.500000	2	315	310
0.666667	3	315	314
0.500000	2	315	316
0.333333	3	315	318
0.500000	1	316	96
0.500000	1	316	246
1.000000	2	316	309
0.750000	3	316	315
0.250000	3	316	317
1.000000	0	317	70
1.000000	1	317	251
0.500000	2	317	308
0.500000	2	317	316
1.000000	3	317	318
0.333333	0	318	69
0.333333	0	318	79
1.000000	1	318	252
0.333333	0	318	297
0.333333	2	318	307
0.333333	2	318	315
0.333333	2	318	317
1.000000	3	318	319
0.166667	0	319	68
0.333333	0	319	123
0.166667	0	319	250
0.250000	2	319	294
0.333333	0	319	296
0.250000	2	319	314
0.500000	2	319	318
1.000000	3	319	320
0.100000	0	320	67
0.300000	0	320	126
0.300000	0	320	249
0.200000	2	320	293
0.300000	0	320	295
0.200000	2	320	313
0.600000	2	320	319
0.500000	0	321	276
0.250000	2	321	290
0.500000	3	321	292
0.500000	0	321	294
1.000000	1	321	331
0.750000	2	321	338
0.500000	3	321	347
0.100000	0	322	67
0.300000	0	322	170
0.300000	0	322	267
0.300000	0	322	295
0.600000	2	322	323
0.200000	2	322	331
0.200000	2	322	335
0.166667	0	323	68
0.333333	0	323	167
0.166667	0	323	256
0.333333	0	323	296
1.000000	3	323	322
0.500000	2	323	324
0.250000	2	323	332
0.250000	2	323	336
0.333333	0	324	69
0.333333	0	324	127
1.000000	1	324	268
0.333333	0	324	297
1.000000	3	324	323
0.333333	2	324	325
0.333333	2	324	333
0.333333	2	324	337
1.000000	0	325	70
1.000000	1	325	257
1.000000	3	325	324
0.500000	2	325	326
0.500000	2	325	334
0.500000	1	326	258
0.500000	1	326	298
0.250000	3	326	325
1.000000	2	326	327
0.750000	3	326	337
0.100000	1	327	71
0.300000	1	327	141
0.300000	1	327	259
0.300000	1	327	299
0.200000	3	327	326
0.600000	3	327	328
0.200000	3	327	334
0.166667	1	328	72
0.333333	1	328	142
0.166667	1	328	260
0.333333	1	328	300
1.000000	2	328	327
0.500000	3	328	329
0.250000	3	328	333
0.250000	3	328	337
0.333333	1	329	73
0.333333	1	329	143
1.000000	0	329	262
0.333333	1	329	301
1.000000	2	329	328
0.333333	3	329	330
0.333333	3	329	332
0.333333	3	329	336
1.000000	1	330	74
1.000000	0	330	261
1.000000	2	330	329
0.500000	3	330	331
0.500000	3	330	335
0.500000	0	331	266
0.500000	0	331	302
1.000000	3	331	322
0.250000	2	331	330
0.750000	2	331	332
1.000000	1	332	144
0.333333	0	332	263
0.666667	0	332	303
0.500000	3	332	323
0.333333	2	332	329
0.500000	3	332	331
0.666667	2	332	333
0.666667	1	333	157
0.333333	1	333	265
1.000000	0	333	304
0.333333	3	333	324
0.500000	2	333	328
0.666667	3	333	332
0.500000	2	333	334
0.500000	1	334	166
0.500000	1	334	264
0.250000	3	334	325
1.000000	2	334	327
0.750000	3	334	333
0.500000	0	335	169
0.500000	0	335	270
1.000000	3	335	322
0.250000	2	335	330
0.750000	2	335	336
0.666667	0	336	168
0.333333	0	336	271
1.000000	1	336	305
0.500000	3	336	323
0.333333	2	336	329
0.500000	3	336	335
0.666667	2	336	337
1.000000	0	337	140
0.333333	1	337	269
0.666667	1	337	306
0.333333	3	337	324
0.500000	2	337	326
0.500000	2	337	328
0.666667	3	337	336
0.333333	0	338	255
0.333333	1	338	274
0.333333	2	338	289
0.666667	0	338	307
0.666667	3	338	321
0.666667	1	338	332
0.666667	2	338	339
0.333333	3	338	348
0.500000	1	339	273
0.500000	2	339	288
1.000000	0	339	308
0.500000	1	339	333
0.750000	3	339	338
0.500000	2	339	340
0.250000	3	339	341
0.200000	3	340	1
0.600000	1	340	272
1.000000	2	340	287
0.400000	1	340	334
0.800000	3	340	339
0.333333	2	341	1
0.333333	0	341	77
1.000000	1	341	278
0.333333	0	341	317
0.333333	0	341	325
0.333333	2	341	339
0.333333	2	341	342
1.000000	3	341	348
0.500000	1	342	279
0.500000	2	342	286
0.500000	2	342	288
0.500000	1	342	315
1.000000	0	342	326
0.250000	3	342	341
0.750000	3	342	343
0.333333	1	343	280
0.333333	0	343	283
0.333333	2	343	289
0.666667	1	343	314
0.666667	0	343	337
0.666667	2	343	342
0.666667	3	343	344
0.333333	3	343	348
0.500000	0	344	282
0.250000	2	344	290
1.000000	1	344	313
0.500000	0	344	336
0.750000	2	344	343
0.500000	3	344	345
0.500000	3	344	347
0.600000	0	345	281
0.200000	2	345	291
0.400000	0	345	335
0.800000	2	345	344
1.000000	3	345	346
0.066667	0	346	66
0.400000	0	346	284
0.166667	2	346	292
0.266667	0	346	320
0.266667	0	346	322
0.166667	2	346	345
0.666667	2	346	347
0.100000	0	347	75
0.300000	0	347	277
0.300000	0	347	319
0.200000	2	347	321
0.300000	0	347	323
0.200000	2	347	344
1.000000	3	347	346
0.600000	2	347	348
0.166667	0	348	76
0.166667	0	348	78
1.000000	1	348	285
0.333333	0	348	318
0.333333	0	348	324
0.250000	2	348	338
0.500000	2	348	341
0.250000	2	348	343
1.000000	3	348	347
0.500000	0	349	78
0.500000	0	349	350
1.000000	1	349	443
0.250000	2	349	454
0.750000	2	349	534
1.000000	3	349	539
0.333333	0	350	79
0.666667	0	350	127
1.000000	1	350	364
0.666667	2	350	375
0.333333	2	350	413
1.000000	3	350	429
0.166667	0	351	80
0.333333	0	351	128
0.333333	0	351	352
0.166667	0	351	358
0.250000	2	351	364
0.250000	2	351	372
0.500000	2	351	373
0.666667	0	352	85
0.333333	0	352	129
0.333333	2	352	353
0.666667	2	352	357
1.000000	0	353	130
1.000000	3	353	352
1.000000	2	353	354
1.000000	1	354	88
0.500000	3	354	353
1.000000	2	354	355
0.500000	3	354	357
0.666667	1	355	87
0.333333	1	355	131
0.666667	3	355	354
0.333333	3	355	356
1.000000	1	356	132
1.000000	2	356	355
1.000000	3	356	357
1.000000	0	357	86
1.000000	3	357	352
0.500000	2	357	354
0.500000	2	357	356
0.333333	0	358	81
0.666667	0	358	129
0.666667	2	358	359
0.333333	2	358	363
1.000000	0	359	130
1.000000	3	359	358
0.500000	2	359	360
0.500000	2	359	362
1.000000	1	360	84
1.000000	3	360	359
1.000000	2	360	361
0.333333	1	361	83
0.666667	1	361	131
0.333333	3	361	360
0.666667	3	361	362
1.000000	1	362	132
0.500000	3	362	359
1.000000	2	362	361
0.500000	3	362	363
1.000000	0	363	82
1.000000	3	363	358
1.000000	2	363	362
0.333333	0	364	89
0.666667	0	364	133
1.000000	3	364	351
0.666667	2	364	365
0.333333	2	364	371
1.000000	0	365	134
1.000000	1	365	357
0.500000	3	365	364
0.500000	2	365	366
0.500000	2	365	370
0.500000	3	365	373
0.333333	1	366	94
0.666667	1	366	354
0.666667	3	366	365
1.000000	2	366	367
0.333333	3	366	374
0.166667	1	367	91
0.333333	1	367	135
0.333333	1	367	355
0.166667	1	367	361
0.250000	3	367	366
0.250000	3	367	368
0.500000	3	367	370
0.333333	1	368	92
0.666667	1	368	136
1.000000	2	368	367
0.666667	3	368	369
0.333333	3	368	374
1.000000	1	369	137
1.000000	0	369	354
0.500000	2	369	368
0.500000	2	369	370
0.500000	3	369	372
0.500000	3	369	373
0.333333	1	370	138
0.333333	1	370	356
0.333333	1	370	362
0.333333	3	370	365
1.000000	2	370	367
0.333333	3	370	369
0.333333	3	370	371
1.000000	0	371	90
1.000000	1	371	363
0.500000	3	371	364
1.000000	2	371	370
0.500000	3	371	372
0.333333	0	372	95
1.000000	3	372	351
0.666667	0	372	357
0.666667	2	372	369
0.333333	2	372	371
0.333333	0	373	139
1.000000	3	373	351
0.333333	0	373	353
0.333333	0	373	359
0.333333	2	373	365
0.333333	2	373	369
0.333333	2	373	374
1.000000	1	374	93
1.000000	0	374	360
0.500000	2	374	366
0.500000	2	374	368
1.000000	3	374	373
1.000000	0	375	140
0.333333	3	375	350
0.333333	1	375	365
0.666667	1	375	405
0.500000	2	375	406
0.500000	2	375	412
0.666667	3	375	430
0.333333	0	376	115
0.333333	0	376	155
0.333333	0	376	159
0.333333	2	376	377
0.333333	2	376	389
1.000000	3	376	401
0.333333	2	376	405
1.000000	0	377	160
0.500000	3	377	376
1.000000	1	377	379
0.500000	2	377	384
0.500000	2	377	398
0.500000	3	377	402
0.333333	0	378	85
0.666667	0	378	153
0.666667	2	378	379
0.333333	2	378	383
1.000000	0	379	150
1.000000	3	379	378
0.500000	2	379	380
0.500000	2	379	382
1.000000	1	380	88
1.000000	3	380	379
1.000000	2	380	381
0.333333	1	381	87
0.666667	1	381	151
0.333333	3	381	380
0.666667	3	381	382
1.000000	1	382	152
0.500000	3	382	379
1.000000	2	382	381
0.500000	3	382	383
1.000000	0	383	86
1.000000	3	383	378
1.000000	2	383	382
0.333333	1	384	120
0.333333	1	384	354
0.333333	3	384	377
0.333333	1	384	380
1.000000	2	384	385
0.333333	3	384	403
0.333333	3	384	405
0.166667	1	385	117
0.166667	1	385	147
0.166667	1	385	161
0.166667	1	385	355
0.166667	1	385	381
0.250000	3	385	384
0.250000	3	385	386
0.250000	3	385	388
0.166667	1	385	393
0.250000	3	385	398
0.333333	1	386	118
0.333333	1	386	148
0.333333	1	386	162
1.000000	2	386	385
0.333333	3	386	387
0.333333	3	386	399
0.333333	3	386	403
1.000000	1	387	163
1.000000	0	387	382
0.500000	2	387	386
0.500000	2	387	388
0.500000	3	387	400
0.500000	3	387	404
0.333333	1	388	164
0.333333	1	388	356
1.000000	2	388	385
0.333333	3	388	387
0.333333	3	388	389
0.333333	1	388	394
0.333333	3	388	405
1.000000	0	389	116
0.500000	3	389	376
0.500000	2	389	388
1.000000	1	389	395
0.500000	2	389	398
0.500000	3	389	400
0.333333	0	390	109
0.333333	0	390	129
0.333333	0	390	153
0.333333	2	390	391
0.333333	2	390	395
0.333333	2	390	397
1.000000	0	391	130
1.000000	3	391	390
0.500000	2	391	392
0.500000	2	391	396
1.000000	1	392	108
0.500000	3	392	391
1.000000	2	392	393
0.500000	3	392	397
0.333333	1	393	107
0.333333	1	393	131
0.333333	1	393	151
0.333333	3	393	392
0.333333	3	393	394
0.333333	3	393	396
1.000000	1	394	132
1.000000	2	394	393
0.500000	3	394	395
0.500000	3	394	397
1.000000	0	395	106
1.000000	3	395	390
0.500000	2	395	394
0.500000	2	395	396
1.000000	1	396	152
0.500000	3	396	391
1.000000	2	396	393
0.500000	3	396	395
1.000000	0	397	150
1.000000	3	397	390
0.500000	2	397	392
0.500000	2	397	394
0.333333	1	398	146
0.333333	3	398	377
0.333333	1	398	382
1.000000	2	398	385
0.333333	3	398	389
0.333333	1	398	396
0.333333	3	398	399
1.000000	1	399	145
1.000000	0	399	354
0.500000	2	399	386
0.500000	2	399	398
0.500000	3	399	400
0.500000	3	399	402
0.333333	0	400	121
0.333333	0	400	357
0.333333	0	400	383
0.333333	2	400	387
0.333333	2	400	389
0.333333	2	400	399
1.000000	3	400	401
0.166667	0	401	114
0.166667	0	401	156
0.166667	0	401	158
0.166667	0	401	352
0.250000	2	401	376
0.166667	0	401	378
0.166667	0	401	390
0.250000	2	401	400
0.250000	2	401	402
0.250000	2	401	404
0.333333	0	402	165
0.333333	0	402	353
0.333333	2	402	377
0.333333	0	402	391
0.333333	2	402	399
1.000000	3	402	401
0.333333	2	402	403
1.000000	1	403	119
0.500000	2	403	384
0.500000	2	403	386
1.000000	0	403	392
0.500000	3	403	402
0.500000	3	403	404
0.333333	0	404	149
0.333333	0	404	379
0.333333	2	404	387
0.333333	0	404	397
1.000000	3	404	401
0.333333	2	404	403
0.333333	2	404	405
1.000000	0	405	154
1.000000	1	405	357
0.500000	3	405	376
0.500000	2	405	384
0.500000	2	405	388
0.500000	3	405	404
0.166667	1	406	122
0.166667	1	406	366
0.500000	3	406	375
0.666667	1	406	384
1.000000	2	406	407
0.500000	3	406	431
0.100000	1	407	97
0.200000	1	407	141
0.100000	1	407	367
0.400000	1	407	385
0.200000	3	407	406
0.400000	3	407	408
0.400000	3	407	412
0.200000	1	407	419
0.166667	1	408	98
0.333333	1	408	142
0.333333	1	408	386
1.000000	2	408	407
0.250000	3	408	409
0.500000	3	408	411
0.166667	1	408	420
0.250000	3	408	431
0.333333	1	409	99
0.666667	1	409	143
1.000000	0	409	368
1.000000	2	409	408
0.666667	3	409	410
0.333333	3	409	432
1.000000	1	410	144
0.333333	0	410	369
0.666667	0	410	399
0.333333	2	410	409
0.666667	2	410	411
0.500000	3	410	427
0.500000	3	410	433
0.333333	1	411	157
0.333333	1	411	387
1.000000	0	411	398
0.500000	2	411	408
0.333333	3	411	410
0.500000	2	411	412
0.333333	3	411	414
0.333333	1	411	421
0.333333	3	411	430
0.166667	1	412	166
0.166667	1	412	370
0.250000	3	412	375
0.333333	1	412	388
1.000000	2	412	407
0.500000	3	412	411
0.250000	3	412	413
0.333333	1	412	422
1.000000	0	413	96
0.333333	3	413	350
0.333333	1	413	371
1.000000	2	413	412
0.666667	3	413	414
0.666667	1	413	423
0.333333	0	414	124
0.666667	0	414	389
0.666667	2	414	411
0.333333	2	414	413
1.000000	1	414	424
0.500000	3	414	427
0.500000	3	414	429
0.166667	0	415	112
0.333333	0	415	158
0.166667	0	415	358
0.333333	0	415	390
0.250000	2	415	416
0.250000	2	415	424
0.500000	2	415	425
0.333333	0	416	111
0.666667	0	416	159
1.000000	3	416	415
0.666667	2	416	417
0.333333	2	416	423
1.000000	0	417	160
1.000000	1	417	397
0.500000	3	417	416
0.500000	2	417	418
0.500000	2	417	422
0.500000	3	417	425
0.333333	1	418	102
0.666667	1	418	392
0.666667	3	418	417
1.000000	2	418	419
0.333333	3	418	426
0.166667	1	419	103
0.333333	1	419	161
0.166667	1	419	361
0.333333	1	419	393
0.250000	3	419	418
0.250000	3	419	420
0.500000	3	419	422
0.333333	1	420	104
0.666667	1	420	162
1.000000	2	420	419
0.666667	3	420	421
0.333333	3	420	426
1.000000	1	421	163
1.000000	0	421	396
0.500000	2	421	420
0.500000	2	421	422
0.500000	3	421	424
0.500000	3	421	425
0.333333	1	422	164
0.333333	1	422	362
0.333333	1	422	394
0.333333	3	422	417
1.000000	2	422	419
0.333333	3	422	421
0.333333	3	422	423
1.000000	0	423	110
1.000000	1	423	363
0.500000	3	423	416
1.000000	2	423	422
0.500000	3	423	424
0.333333	0	424	105
0.666667	0	424	395
1.000000	3	424	415
0.666667	2	424	421
0.333333	2	424	423
0.333333	0	425	165
0.333333	0	425	359
0.333333	0	425	391
1.000000	3	425	415
0.333333	2	425	417
0.333333	2	425	421
0.333333	2	425	426
1.000000	1	426	101
1.000000	0	426	360
0.500000	2	426	418
0.500000	2	426	420
1.000000	3	426	425
0.166667	0	427	125
0.166667	0	427	372
0.666667	0	427	400
0.500000	2	427	410
0.500000	2	427	414
1.000000	3	427	428
0.100000	0	428	126
0.200000	0	428	170
0.100000	0	428	351
0.400000	0	428	401
0.200000	0	428	415
0.200000	2	428	427
0.400000	2	428	429
0.400000	2	428	433
0.166667	0	429	123
0.333333	0	429	167
0.250000	2	429	350
0.333333	0	429	376
0.250000	2	429	414
0.166667	0	429	416
1.000000	3	429	428
0.500000	2	429	430
0.333333	0	430	168
0.333333	2	430	375
0.333333	0	430	377
1.000000	1	430	404
0.333333	2	430	411
0.333333	0	430	417
0.500000	3	430	429
0.333333	2	430	431
0.500000	3	430	433
0.333333	1	431	113
0.666667	1	431	403
0.500000	2	431	406
0.500000	2	431	408
1.000000	0	431	418
0.666667	3	431	430
0.333333	3	431	432
1.000000	1	432	100
0.333333	0	432	374
0.333333	2	432	409
0.666667	0	432	426
0.666667	2	432	431
1.000000	3	432	433
0.166667	0	433	169
0.166667	0	433	373
0.333333	0	433	402
0.250000	2	433	410
0.333333	0	433	425
1.000000	3	433	428
0.500000	2	433	430
0.250000	2	433	432
0.300000	0	434	171
0.600000	0	434	351
0.100000	0	434	435
0.400000	2	434	443
0.600000	2	434	453
0.500000	0	435	172
0.500000	0	435	358
0.250000	2	435	436
0.750000	2	435	442
1.000000	0	436	173
1.000000	3	436	435
1.000000	2	436	437
1.000000	0	437	174
1.000000	1	437	363
0.500000	3	437	436
1.000000	2	437	438
0.500000	3	437	442
0.333333	1	438	178
0.666667	1	438	362
0.666667	3	438	437
1.000000	2	438	439
0.333333	3	438	441
0.500000	1	439	175
0.500000	1	439	361
0.750000	3	439	438
0.250000	3	439	440
1.000000	1	440	176
1.000000	2	440	439
1.000000	3	440	441
1.000000	1	441	177
1.000000	0	441	360
0.500000	2	441	438
0.500000	2	441	440
1.000000	3	441	442
0.333333	0	442	179
0.666667	0	442	359
1.000000	3	442	435
0.333333	2	442	437
0.666667	2	442	441
0.500000	0	443	180
0.500000	0	443	364
1.000000	3	443	434
0.250000	2	443	444
0.750000	2	443	452
1.000000	0	444	181
1.000000	1	444	436
1.000000	3	444	443
1.000000	2	444	445
1.000000	0	445	182
0.666667	1	445	371
0.333333	1	445	437
0.333333	3	445	444
1.000000	2	445	446
0.666667	3	445	452
0.166667	1	446	188
0.666667	1	446	370
0.166667	1	446	438
0.500000	3	446	445
1.000000	2	446	447
0.500000	3	446	451
0.300000	1	447	183
0.600000	1	447	367
0.100000	1	447	439
0.600000	3	447	446
0.400000	3	447	448
0.500000	1	448	184
0.500000	1	448	368
1.000000	2	448	447
0.250000	3	448	449
0.750000	3	448	451
1.000000	1	449	185
1.000000	0	449	440
1.000000	2	449	448
1.000000	3	449	450
1.000000	1	450	186
0.666667	0	450	374
0.333333	0	450	441
0.333333	2	450	449
0.666667	2	450	451
1.000000	3	450	453
0.333333	1	451	187
1.000000	0	451	366
0.666667	1	451	369
0.500000	2	451	446
0.500000	2	451	448
0.333333	3	451	450
0.666667	3	451	452
0.333333	0	452	190
0.666667	0	452	365
1.000000	1	452	372
0.500000	3	452	443
0.333333	2	452	445
0.666667	2	452	451
0.500000	3	452	453
0.166667	0	453	189
0.666667	0	453	373
1.000000	3	453	434
0.166667	0	453	442
0.500000	2	453	450
0.500000	2	453	452
1.000000	0	454	191
0.333333	3	454	349
0.333333	1	454	444
1.000000	2	454	455
0.666667	1	454	486
0.666667	3	454	538
1.000000	0	455	224
0.166667	1	455	413
0.166667	1	455	445
0.250000	3	455	454
1.000000	2	455	456
0.333333	1	455	483
0.333333	1	455	515
0.250000	3	455	534
0.500000	3	455	535
0.100000	1	456	272
0.200000	1	456	412
0.100000	1	456	446
0.400000	3	456	455
1.000000	2	456	457
0.200000	1	456	478
0.400000	1	456	510
0.200000	3	456	527
0.400000	3	456	529
0.200000	1	457	225
0.200000	1	457	407
0.066667	1	457	447
0.500000	3	457	456
0.333333	3	457	458
0.133333	1	457	463
0.400000	1	457	505
0.166667	3	457	526
0.300000	1	458	226
0.300000	1	458	408
1.000000	2	458	457
0.200000	3	458	459
0.100000	1	458	464
0.200000	3	458	489
0.300000	1	458	506
0.600000	3	458	529
0.500000	1	459	227
0.500000	1	459	409
1.000000	0	459	448
1.000000	2	459	458
0.250000	3	459	460
0.750000	3	459	530
1.000000	1	460	228
0.333333	0	460	449
0.333333	2	460	459
0.666667	0	460	461
0.666667	2	460	489
1.000000	3	460	531
1.000000	1	461	197
1.000000	0	461	440
0.500000	2	461	462
0.500000	2	461	464
1.000000	3	461	480
0.500000	1	462	198
0.250000	3	462	461
1.000000	2	462	463
0.500000	1	462	468
0.750000	3	462	479
0.300000	1	463	195
0.300000	1	463	419
0.100000	1	463	439
0.200000	3	463	462
0.200000	3	463	464
0.300000	1	463	467
0.600000	3	463	478
0.500000	1	464	196
0.500000	1	464	420
0.250000	3	464	461
1.000000	2	464	463
0.750000	3	464	465
0.333333	1	465	209
0.666667	1	465	421
0.500000	2	465	464
1.000000	0	465	466
0.500000	2	465	478
0.333333	3	465	480
0.666667	3	465	484
0.333333	1	466	210
0.666667	1	466	396
1.000000	2	466	467
0.666667	3	466	475
0.333333	3	466	477
0.333333	1	467	203
0.166667	1	467	211
0.166667	1	467	361
0.333333	1	467	393
0.250000	3	467	466
0.250000	3	467	468
0.500000	3	467	470
0.666667	1	468	204
0.333333	1	468	212
1.000000	2	468	467
0.666667	3	468	469
0.333333	3	468	477
1.000000	1	469	205
1.000000	0	469	392
0.500000	2	469	468
0.500000	2	469	470
0.500000	3	469	472
0.500000	3	469	476
0.333333	1	470	206
0.333333	1	470	362
0.333333	1	470	394
1.000000	2	470	467
0.333333	3	470	469
0.333333	3	470	471
0.333333	3	470	475
1.000000	0	471	216
1.000000	1	471	363
1.000000	2	471	470
0.500000	3	471	472
0.500000	3	471	474
0.333333	0	472	217
0.666667	0	472	397
0.666667	2	472	469
0.333333	2	472	471
1.000000	3	472	473
0.333333	0	473	200
0.166667	0	473	214
0.166667	0	473	358
0.333333	0	473	390
0.250000	2	473	472
0.250000	2	473	474
0.500000	2	473	476
0.666667	0	474	201
0.333333	0	474	215
0.333333	2	474	471
1.000000	3	474	473
0.666667	2	474	475
1.000000	0	475	202
1.000000	1	475	395
0.500000	2	475	466
0.500000	2	475	470
0.500000	3	475	474
0.500000	3	475	476
0.333333	0	476	207
0.333333	0	476	359
0.333333	0	476	391
0.333333	2	476	469
1.000000	3	476	473
0.333333	2	476	475
0.333333	2	476	477
1.000000	1	477	213
1.000000	0	477	360
0.500000	2	477	466
0.500000	2	477	468
1.000000	3	477	476
0.166667	1	478	208
0.333333	1	478	422
0.166667	1	478	438
1.000000	2	478	463
0.250000	3	478	465
0.333333	1	478	470
0.250000	3	478	479
0.500000	3	478	483
0.333333	1	479	199
1.000000	0	479	418
0.500000	2	479	462
0.666667	1	479	469
0.500000	2	479	478
0.333333	3	479	480
0.666667	3	479	482
1.000000	1	480	218
0.333333	0	480	426
0.333333	0	480	441
0.333333	2	480	461
0.333333	2	480	465
0.333333	0	480	477
0.333333	2	480	479
1.000000	3	480	481
0.166667	0	481	222
0.333333	0	481	425
0.166667	0	481	442
0.333333	0	481	476
0.500000	2	481	480
0.250000	2	481	482
0.250000	2	481	484
1.000000	3	481	488
0.333333	0	482	223
0.666667	0	482	417
1.000000	1	482	472
0.666667	2	482	479
0.500000	3	482	481
0.333333	2	482	483
0.500000	3	482	487
1.000000	0	483	194
0.333333	1	483	423
0.333333	1	483	437
0.333333	1	483	471
1.000000	2	483	478
0.333333	3	483	482
0.333333	3	483	484
0.333333	3	483	486
0.333333	0	484	221
1.000000	1	484	424
0.666667	2	484	465
0.666667	0	484	475
0.500000	3	484	481
0.333333	2	484	483
0.500000	3	484	485
0.500000	0	485	220
0.500000	0	485	474
0.750000	2	485	484
0.250000	2	485	486
1.000000	3	485	488
1.000000	0	486	193
1.000000	1	486	436
1.000000	2	486	483
0.500000	3	486	485
0.500000	3	486	487
0.500000	0	487	192
0.500000	0	487	416
0.750000	2	487	482
0.250000	2	487	486
1.000000	3	487	488
0.300000	0	488	219
0.300000	0	488	415
0.100000	0	488	435
0.300000	0	488	473
0.600000	2	488	481
0.200000	2	488	485
0.200000	2	488	487
0.500000	1	489	229
0.500000	2	489	458
0.250000	3	489	460
1.000000	0	489	462
0.500000	1	489	507
0.500000	2	489	526
0.750000	3	489	528
1.000000	1	490	230
0.333333	0	490	374
0.333333	0	490	426
0.333333	0	490	477
0.333333	2	490	491
0.333333	2	490	507
0.333333	2	490	521
1.000000	3	490	522
0.333333	1	491	231
1.000000	0	491	418
0.333333	3	491	490
0.666667	1	491	501
0.500000	2	491	504
0.500000	2	491	508
0.666667	3	491	523
0.333333	0	492	139
0.666667	0	492	391
0.333333	2	492	493
0.666667	2	492	501
1.000000	3	492	502
1.000000	0	493	134
1.000000	1	493	383
0.500000	3	493	492
1.000000	2	493	494
0.500000	3	493	503
0.333333	1	494	238
0.333333	1	494	382
0.333333	1	494	396
0.333333	3	494	493
1.000000	2	494	495
0.333333	3	494	499
0.333333	3	494	501
0.166667	1	495	135
0.333333	1	495	235
0.166667	1	495	381
0.333333	1	495	393
0.500000	3	495	494
0.250000	3	495	496
0.250000	3	495	498
0.333333	1	496	136
0.666667	1	496	236
1.000000	2	496	495
0.333333	3	496	497
0.666667	3	496	501
1.000000	1	497	137
1.000000	0	497	380
0.500000	2	497	496
0.500000	2	497	498
1.000000	3	497	500
0.333333	1	498	138
0.666667	1	498	394
1.000000	2	498	495
0.333333	3	498	497
0.666667	3	498	499
1.000000	0	499	234
1.000000	1	499	395
0.500000	2	499	494
0.500000	2	499	498
0.500000	3	499	500
0.500000	3	499	503
0.333333	0	500	239
0.333333	0	500	379
0.333333	0	500	397
0.333333	2	500	497
0.333333	2	500	499
0.333333	2	500	501
1.000000	3	500	502
1.000000	1	501	237
1.000000	0	501	392
0.500000	3	501	492
0.500000	2	501	494
0.500000	2	501	496
0.500000	3	501	500
0.166667	0	502	128
0.333333	0	502	232
0.166667	0	502	378
0.333333	0	502	390
0.250000	2	502	492
0.500000	2	502	500
0.250000	2	502	503
0.333333	0	503	133
0.666667	0	503	233
0.333333	2	503	493
0.666667	2	503	499
1.000000	3	503	502
0.166667	1	504	240
0.333333	1	504	398
0.166667	1	504	466
0.250000	3	504	491
0.333333	1	504	494
1.000000	2	504	505
0.500000	3	504	519
0.250000	3	504	521
0.100000	1	505	241
0.200000	1	505	259
0.100000	1	505	367
0.200000	1	505	385
0.100000	1	505	419
0.100000	1	505	467
0.200000	1	505	495
0.200000	3	505	504
0.200000	3	505	506
0.200000	3	505	508
0.400000	3	505	510
0.166667	1	506	242
0.333333	1	506	260
0.333333	1	506	386
0.166667	1	506	420
1.000000	2	506	505
0.250000	3	506	507
0.500000	3	506	511
0.250000	3	506	521
0.333333	1	507	243
0.666667	1	507	261
1.000000	0	507	468
0.333333	3	507	490
0.500000	2	507	506
0.500000	2	507	508
0.666667	3	507	512
0.166667	1	508	244
0.333333	1	508	262
0.166667	1	508	368
0.250000	3	508	491
0.333333	1	508	496
1.000000	2	508	505
0.250000	3	508	507
0.500000	3	508	509
0.333333	1	509	263
0.333333	1	509	369
1.000000	0	509	384
0.333333	1	509	497
0.500000	2	509	508
0.500000	2	509	510
0.333333	3	509	512
0.333333	3	509	514
0.333333	3	509	523
0.166667	1	510	264
0.166667	1	510	370
0.166667	1	510	388
0.166667	1	510	422
0.166667	1	510	470
0.166667	1	510	498
1.000000	2	510	505
0.250000	3	510	509
0.250000	3	510	511
0.250000	3	510	515
0.250000	3	510	519
0.333333	1	511	265
0.333333	1	511	387
0.333333	1	511	421
1.000000	0	511	494
0.500000	2	511	506
0.500000	2	511	510
0.333333	3	511	512
0.333333	3	511	516
0.333333	3	511	520
1.000000	1	512	266
0.333333	0	512	403
0.333333	0	512	469
0.333333	0	512	501
0.333333	2	512	507
0.333333	2	512	509
0.333333	2	512	511
0.500000	3	512	513
0.500000	3	512	522
0.166667	0	513	248
0.333333	0	513	404
0.166667	0	513	472
0.333333	0	513	500
0.500000	2	513	512
0.250000	2	513	514
0.250000	2	513	516
1.000000	3	513	525
0.333333	0	514	245
1.000000	1	514	372
0.666667	0	514	405
0.666667	2	514	509
0.500000	3	514	513
0.333333	2	514	515
0.500000	3	514	524
1.000000	0	515	246
0.333333	1	515	371
0.333333	1	515	423
0.333333	1	515	471
1.000000	2	515	510
0.333333	3	515	514
0.333333	3	515	516
0.333333	3	515	518
0.333333	0	516	247
1.000000	1	516	424
0.666667	0	516	499
0.666667	2	516	511
0.500000	3	516	513
0.333333	2	516	515
0.500000	3	516	517
0.166667	0	517	252
0.333333	0	517	268
0.166667	0	517	364
0.333333	0	517	503
0.250000	2	517	516
0.250000	2	517	518
0.500000	2	517	520
1.000000	3	517	525
0.333333	0	518	251
0.666667	0	518	257
1.000000	1	518	474
0.333333	2	518	515
0.500000	3	518	517
0.666667	2	518	519
0.500000	3	518	524
1.000000	0	519	258
0.333333	1	519	389
0.333333	1	519	475
0.333333	1	519	499
0.500000	2	519	504
0.500000	2	519	510
0.333333	3	519	518
0.333333	3	519	520
0.333333	3	519	523
0.333333	0	520	269
0.333333	0	520	365
1.000000	1	520	400
0.333333	0	520	493
0.333333	2	520	511
0.500000	3	520	517
0.333333	2	520	519
0.333333	2	520	521
0.500000	3	520	522
0.333333	1	521	253
1.000000	0	521	366
0.666667	1	521	399
0.333333	3	521	490
0.500000	2	521	504
0.500000	2	521	506
0.666667	3	521	520
0.166667	0	522	270
0.166667	0	522	373
0.166667	0	522	402
0.166667	0	522	425
0.166667	0	522	476
0.250000	2	522	490
0.166667	0	522	492
0.250000	2	522	512
0.250000	2	522	520
0.250000	2	522	523
1.000000	3	522	525
0.333333	0	523	271
0.333333	0	523	377
0.333333	0	523	417
0.333333	2	523	491
1.000000	1	523	500
0.333333	2	523	509
0.333333	2	523	519
0.500000	3	523	522
0.500000	3	523	524
0.166667	0	524	250
0.333333	0	524	256
0.333333	0	524	376
0.166667	0	524	416
0.250000	2	524	514
0.250000	2	524	518
0.500000	2	524	523
1.000000	3	524	525
0.100000	0	525	249
0.200000	0	525	267
0.100000	0	525	351
0.200000	0	525	401
0.100000	0	525	415
0.100000	0	525	473
0.200000	0	525	502
0.200000	2	525	513
0.200000	2	525	517
0.400000	2	525	522
0.200000	2	525	524
0.300000	1	526	254
0.100000	1	526	448
1.000000	2	526	457
0.400000	3	526	489
0.600000	1	526	508
0.600000	3	526	527
0.166667	1	527	255
1.000000	0	527	406
0.166667	1	527	451
0.500000	2	527	456
0.666667	1	527	509
0.500000	2	527	526
0.500000	3	527	528
0.500000	3	527	534
0.333333	1	528	276
0.333333	0	528	431
0.333333	0	528	479
0.333333	2	528	489
0.333333	0	528	491
0.666667	1	528	512
0.333333	2	528	527
0.333333	2	528	529
0.333333	3	528	531
0.666667	3	528	533
0.166667	1	529	273
0.333333	1	529	411
0.500000	2	529	456
0.500000	2	529	458
0.166667	1	529	465
1.000000	0	529	504
0.333333	1	529	511
0.250000	3	529	528
0.250000	3	529	530
0.500000	3	529	535
0.333333	1	530	274
0.666667	1	530	410
0.333333	0	530	451
0.333333	2	530	459
0.666667	0	530	521
0.666667	2	530	529
0.333333	3	530	531
0.666667	3	530	536
1.000000	1	531	275
0.166667	0	531	432
0.166667	0	531	450
0.250000	2	531	460
0.333333	0	531	480
0.333333	0	531	490
0.500000	2	531	528
0.250000	2	531	530
1.000000	3	531	532
0.100000	0	532	281
0.200000	0	532	433
0.100000	0	532	453
0.200000	0	532	481
0.400000	0	532	522
0.400000	2	532	531
0.400000	2	532	533
0.200000	2	532	536
1.000000	3	532	540
0.166667	0	533	282
0.333333	0	533	430
0.166667	0	533	482
1.000000	1	533	513
0.333333	0	533	523
0.500000	2	533	528
0.500000	3	533	532
0.250000	2	533	534
0.250000	2	533	535
0.500000	3	533	539
0.333333	0	534	283
0.333333	3	534	349
0.666667	0	534	375
0.333333	1	534	452
0.333333	2	534	455
0.666667	1	534	514
0.666667	2	534	527
0.666667	3	534	533
0.333333	0	535	279
0.333333	1	535	414
0.333333	2	535	455
0.333333	1	535	484
0.333333	1	535	516
0.666667	0	535	519
0.666667	2	535	529
0.333333	3	535	533
0.333333	3	535	536
0.333333	3	535	538
0.166667	0	536	280
1.000000	1	536	427
0.166667	0	536	452
0.666667	0	536	520
0.500000	2	536	530
0.500000	3	536	532
0.500000	2	536	535
0.500000	3	536	537
0.300000	0	537	285
0.100000	0	537	443
0.600000	0	537	517
0.600000	2	537	536
0.400000	2	537	538
1.000000	3	537	540
0.500000	0	538	278
0.250000	2	538	454
1.000000	1	538	485
0.500000	0	538	518
0.750000	2	538	535
0.500000	3	538	537
0.500000	3	538	539
0.300000	0	539	277
0.200000	2	539	349
0.300000	0	539	429
0.100000	0	539	487
0.300000	0	539	524
0.600000	2	539	533
0.200000	2	539	538
1.000000	3	539	540
0.200000	0	540	284
0.200000	0	540	428
0.066667	0	540	434
0.133333	0	540	488
0.400000	0	540	525
0.500000	2	540	532
0.166667	2	540	537
0.333333	2	540	539
0.200000	3	541	0
1.000000	0	541	286
0.600000	1	541	455
1.000000	2	541	542
0.400000	1	541	587
0.800000	3	541	602
0.066667	1	542	340
0.400000	1	542	456
0.333333	3	542	541
1.000000	2	542	543
0.533333	1	542	586
0.666667	3	542	601
0.142857	1	543	287
0.285714	1	543	457
0.428571	3	543	542
0.571429	3	543	544
0.571429	1	543	579
0.200000	1	544	288
0.200000	1	544	458
1.000000	2	544	543
0.500000	3	544	545
0.600000	1	544	580
0.500000	3	544	601
0.300000	1	545	289
0.100000	1	545	459
1.000000	0	545	526
1.000000	2	545	544
0.400000	3	545	546
0.600000	1	545	581
0.600000	3	545	600
0.500000	1	546	290
1.000000	0	546	489
1.000000	2	546	545
0.250000	3	546	547
0.500000	1	546	582
0.750000	3	546	599
1.000000	1	547	291
1.000000	0	547	460
1.000000	2	547	546
1.000000	3	547	548
1.000000	1	548	292
0.600000	0	548	531
0.200000	2	548	547
0.400000	0	548	549
0.800000	2	548	599
1.000000	3	548	605
1.000000	1	549	293
0.500000	0	549	432
0.500000	0	549	490
0.750000	2	549	550
0.250000	2	549	582
1.000000	3	549	598
0.333333	1	550	294
0.666667	0	550	431
0.333333	0	550	491
0.333333	3	550	549
0.666667	1	550	572
0.666667	2	550	577
0.333333	2	550	581
0.666667	3	550	597
0.166667	0	551	169
0.666667	0	551	402
0.166667	0	551	492
0.500000	2	551	552
0.500000	2	551	572
1.000000	3	551	574
0.333333	0	552	168
0.666667	0	552	377
0.500000	3	552	551
1.000000	1	552	560
0.333333	2	552	561
0.666667	2	552	571
0.500000	3	552	575
0.500000	0	553	156
0.500000	0	553	378
0.250000	2	553	554
0.750000	2	553	560
1.000000	0	554	155
1.000000	3	554	553
1.000000	2	554	555
1.000000	0	555	154
1.000000	1	555	383
0.500000	3	555	554
1.000000	2	555	556
0.500000	3	555	560
0.333333	1	556	146
0.666667	1	556	382
0.666667	3	556	555
1.000000	2	556	557
0.333333	3	556	559
0.500000	1	557	147
0.500000	1	557	381
0.750000	3	557	556
0.250000	3	557	558
1.000000	1	558	148
1.000000	2	558	557
1.000000	3	558	559
1.000000	1	559	145
1.000000	0	559	380
0.500000	2	559	556
0.500000	2	559	558
1.000000	3	559	560
0.333333	0	560	149
0.666667	0	560	379
1.000000	3	560	553
0.333333	2	560	555
0.666667	2	560	559
1.000000	0	561	140
0.333333	1	561	493
0.666667	3	561	552
0.666667	1	561	555
1.000000	2	561	562
0.333333	3	561	576
0.166667	1	562	304
0.333333	1	562	398
0.166667	1	562	494
0.333333	1	562	556
0.250000	3	562	561
1.000000	2	562	563
0.250000	3	562	569
0.500000	3	562	571
0.100000	1	563	141
0.200000	1	563	299
0.400000	1	563	385
0.100000	1	563	495
0.200000	1	563	557
0.400000	3	563	562
0.400000	3	563	564
0.200000	3	563	568
0.166667	1	564	142
0.333333	1	564	300
0.333333	1	564	386
0.166667	1	564	558
1.000000	2	564	563
0.250000	3	564	565
0.250000	3	564	567
0.500000	3	564	571
0.333333	1	565	143
0.666667	1	565	301
1.000000	0	565	496
1.000000	2	565	564
0.333333	3	565	566
0.666667	3	565	572
1.000000	1	566	144
0.333333	0	566	497
0.666667	0	566	559
0.333333	2	566	565
0.666667	2	566	567
1.000000	3	566	573
0.333333	1	567	157
0.666667	1	567	387
1.000000	0	567	556
0.500000	2	567	564
0.333333	3	567	566
0.500000	2	567	568
0.666667	3	567	570
0.166667	1	568	166
0.666667	1	568	388
0.166667	1	568	498
1.000000	2	568	563
0.500000	3	568	567
0.500000	3	568	569
1.000000	0	569	298
0.666667	1	569	389
0.333333	1	569	499
0.500000	2	569	562
0.500000	2	569	568
0.666667	3	569	570
0.333333	3	569	576
0.333333	0	570	306
1.000000	1	570	400
0.333333	0	570	405
0.333333	0	570	555
0.333333	2	570	567
0.333333	2	570	569
0.333333	2	570	571
0.500000	3	570	573
0.500000	3	570	575
0.333333	1	571	303
1.000000	0	571	384
0.333333	1	571	399
0.333333	3	571	552
0.333333	1	571	559
0.500000	2	571	562
0.500000	2	571	564
0.333333	3	571	570
0.333333	3	571	572
1.000000	1	572	302
0.666667	0	572	403
0.333333	0	572	501
0.500000	3	572	551
0.333333	2	572	565
0.666667	2	572	571
0.500000	3	572	573
0.166667	0	573	305
0.333333	0	573	404
0.166667	0	573	500
0.333333	0	573	560
0.250000	2	573	566
0.500000	2	573	570
0.250000	2	573	572
1.000000	3	573	574
0.100000	0	574	170
0.200000	0	574	295
0.400000	0	574	401
0.100000	0	574	502
0.200000	2	574	551
0.200000	0	574	553
0.400000	2	574	573
0.400000	2	574	575
0.166667	0	575	167
0.333333	0	575	296
0.333333	0	575	376
0.250000	2	575	552
0.166667	0	575	554
0.500000	2	575	570
1.000000	3	575	574
0.250000	2	575	576
0.333333	0	576	127
0.666667	0	576	297
1.000000	1	576	503
0.333333	2	576	561
0.666667	2	576	569
1.000000	3	576	575
0.166667	1	577	307
1.000000	0	577	406
0.166667	1	577	521
0.500000	3	577	550
0.666667	1	577	571
0.500000	2	577	578
0.500000	2	577	580
0.500000	3	577	596
0.100000	1	578	308
0.300000	1	578	504
0.600000	1	578	562
0.600000	3	578	577
1.000000	2	578	579
0.400000	3	578	595
0.066667	1	579	309
0.133333	1	579	327
0.200000	1	579	407
0.200000	1	579	505
0.400000	1	579	563
0.166667	3	579	578
0.500000	3	579	580
0.333333	3	579	586
0.100000	1	580	310
0.200000	1	580	328
0.200000	1	580	408
0.100000	1	580	506
0.400000	1	580	564
0.200000	3	580	577
1.000000	2	580	579
0.400000	3	580	581
0.400000	3	580	585
0.166667	1	581	311
0.333333	1	581	329
0.166667	1	581	409
1.000000	0	581	508
0.250000	3	581	550
0.333333	1	581	565
1.000000	2	581	580
0.250000	3	581	582
0.500000	3	581	584
0.333333	1	582	312
0.666667	1	582	330
1.000000	0	582	507
0.333333	3	582	549
1.000000	2	582	581
0.666667	3	582	583
1.000000	1	583	331
0.500000	0	583	512
0.500000	0	583	572
0.250000	2	583	582
0.750000	2	583	584
0.500000	3	583	590
0.500000	3	583	598
0.333333	1	584	332
0.333333	1	584	410
0.333333	0	584	509
0.333333	1	584	566
0.666667	0	584	571
0.333333	2	584	581
0.333333	3	584	583
0.666667	2	584	585
0.333333	3	584	589
0.333333	3	584	597
0.166667	1	585	333
0.333333	1	585	411
0.166667	1	585	511
1.000000	0	585	562
0.333333	1	585	567
0.500000	2	585	580
0.500000	3	585	584
0.500000	2	585	586
0.250000	3	585	588
0.250000	3	585	596
0.100000	1	586	334
0.300000	1	586	412
0.300000	1	586	510
0.300000	1	586	568
1.000000	2	586	579
0.600000	3	586	585
0.200000	3	586	587
0.200000	3	586	595
1.000000	0	587	316
0.500000	1	587	413
0.500000	1	587	515
1.000000	2	587	586
0.750000	3	587	588
0.250000	3	587	594
0.333333	0	588	315
0.666667	1	588	414
0.333333	1	588	516
0.666667	0	588	569
0.666667	2	588	585
0.333333	2	588	587
0.666667	3	588	589
0.333333	3	588	593
0.166667	0	589	314
1.000000	1	589	427
0.166667	0	589	514
0.666667	0	589	570
0.500000	2	589	584
0.500000	2	589	588
0.500000	3	589	590
0.500000	3	589	592
0.100000	0	590	313
0.300000	0	590	513
0.600000	0	590	573
0.400000	2	590	583
0.600000	2	590	589
1.000000	3	590	591
0.066667	0	591	320
0.133333	0	591	322
0.200000	0	591	428
0.200000	0	591	525
0.400000	0	591	574
0.166667	2	591	590
0.500000	2	591	592
0.333333	2	591	598
0.100000	0	592	319
0.200000	0	592	323
0.200000	0	592	429
0.100000	0	592	524
0.400000	0	592	575
0.200000	2	592	589
1.000000	3	592	591
0.400000	2	592	593
0.400000	2	592	597
0.166667	0	593	318
0.333333	0	593	324
0.166667	0	593	350
1.000000	1	593	517
0.333333	0	593	576
0.250000	2	593	588
1.000000	3	593	592
0.250000	2	593	594
0.500000	2	593	596
0.333333	0	594	317
0.666667	0	594	325
1.000000	1	594	518
0.333333	2	594	587
1.000000	3	594	593
0.666667	2	594	595
1.000000	0	595	326
0.500000	1	595	519
0.500000	1	595	569
0.500000	2	595	578
0.500000	2	595	586
0.250000	3	595	594
0.750000	3	595	596
0.333333	0	596	337
0.333333	0	596	375
0.333333	1	596	520
0.333333	0	596	561
0.666667	1	596	570
0.333333	2	596	577
0.333333	2	596	585
0.333333	3	596	593
0.333333	2	596	595
0.666667	3	596	597
0.166667	0	597	336
0.333333	0	597	430
0.166667	0	597	523
0.250000	2	597	550
0.333333	0	597	552
1.000000	1	597	573
0.250000	2	597	584
0.500000	3	597	592
0.500000	2	597	596
0.500000	3	597	598
0.100000	0	598	335
0.300000	0	598	433
0.300000	0	598	522
0.200000	2	598	549
0.300000	0	598	551
0.200000	2	598	583
1.000000	3	598	591
0.600000	2	598	597
0.333333	1	599	321
0.500000	0	599	528
0.250000	2	599	546
0.333333	3	599	548
0.500000	0	599	550
0.666667	1	599	583
0.750000	2	599	600
0.666667	3	599	604
0.166667	1	600	338
0.333333	0	600	527
0.166667	1	600	530
0.333333	2	600	545
0.666667	0	600	577
0.666667	1	600	584
0.500000	3	600	599
0.666667	2	600	601
0.500000	3	600	603
0.100000	1	601	339
0.300000	1	601	529
0.500000	2	601	542
0.500000	2	601	544
1.000000	0	601	578
0.600000	1	601	585
0.600000	3	601	600
0.400000	3	601	602
0.333333	0	602	342
0.500000	1	602	535
0.333333	2	602	541
0.500000	1	602	588
0.666667	0	602	595
0.666667	2	602	601
0.750000	3	602	603
0.250000	3	602	609
0.166667	0	603	343
0.166667	0	603	534
0.333333	1	603	536
0.666667	1	603	589
0.666667	0	603	596
0.500000	2	603	600
0.500000	2	603	602
0.666667	3	603	604
0.333333	3	603	608
0.100000	0	604	344
0.300000	0	604	533
1.000000	1	604	590
0.600000	0	604	597
0.400000	2	604	599
0.600000	2	604	603
0.500000	3	604	605
0.500000	3	604	607
0.066667	0	605	345
0.400000	0	605	532
0.333333	2	605	548
0.533333	0	605	598
0.666667	2	605	604
1.000000	3	605	606
0.142857	0	606	346
0.285714	0	606	540
0.571429	0	606	591
0.428571	2	606	605
0.571429	2	606	607
0.200000	0	607	347
0.200000	0	607	539
0.600000	0	607	592
0.500000	2	607	604
1.000000	3	607	606
0.500000	2	607	608
0.300000	0	608	348
0.100000	0	608	349
1.000000	1	608	537
0.600000	0	608	593
0.600000	2	608	603
1.000000	3	608	607
0.400000	2	608	609
0.250000	2	609	0
0.500000	0	609	341
1.000000	1	609	538
0.500000	0	609	594
0.750000	2	609	602
1.000000	3	609	608
